RamSize=1000 start
318
419
439
525
502
529
553
551
577
591
602
602
590
594
612
612
613
634
617
606
619
623
625
652
609
608
606
600
617
600
626
638
624
610
606
644
626
635
588
622
625
603
616
633
607
631
632
606
628
622
618
584
607
616
632
626
600
607
646
651
616
618
619
629
604
598
586
604
616
603
596
621
635
633
626
608
630
635
604
644
592
624
625
598
656
634
605
650
641
618
634
627
610
626
638
636
633
607
593
614
613
608
626
621
602
610
610
627
638
633
615
616
659
637
608
611
621
619
621
627
612
630
613
589
622
643
628
618
610
601
633
629
609
629
662
626
622
605
608
624
625
622
621
637
613
599
602
624
598
591
595
613
642
622
623
649
631
629
618
625
599
620
609
623
634
621
621
595
624
642
631
630
608
619
597
610
615
625
607
650
628
604
644
617
614
623
633
633
607
607
637
621
605
623
593
605
619
633
625
622
621
603
634
626
614
614
601
599
629
649
635
622
620
616
614
594
592
625
609
605
623
602
600
618
618
627
613
619
612
606
642
628
605
626
613
602
616
604
614
629
611
606
621
627
625
633
622
601
609
606
593
631
628
597
614
638
618
619
602
615
613
629
636
589
617
619
601
617
603
622
620
611
613
597
635
625
634
615
641
625
607
633
614
594
624
609
613
620
626
626
622
637
573
638
608
629
640
610
620
625
627
618
612
611
622
598
606
603
622
597
618
649
610
625
615
626
622
600
638
623
609
622
627
587
639
623
603
653
633
584
631
620
619
609
610
618
605
633
594
624
636
616
645
636
649
623
623
624
645
611
614
634
609
626
637
598
619
617
599
611
639
620
632
602
603
628
630
598
585
631
629
618
624
612
594
593
611
623
578
605
615
606
622
635
607
600
609
627
622
591
633
599
606
615
602
626
612
620
624
631
626
627
625
602
626
620
581
626
636
649
635
636
609
615
631
646
639
621
602
620
630
599
602
586
589
605
619
601
618
604
603
623
644
601
604
622
608
645
601
639
625
622
641
635
631
620
640
605
617
633
637
645
639
621
607
595
628
625
614
590
615
610
609
616
602
630
575
621
620
624
592
606
633
603
624
637
628
631
624
629
596
613
613
607
606
607
619
593
616
612
597
608
581
616
641
610
616
630
625
605
------------------
365
450
469
550
534
562
571
574
593
608
617
610
596
595
611
608
611
632
620
609
614
623
624
651
607
611
606
601
619
599
624
640
624
609
605
645
626
636
588
621
625
603
619
632
607
631
632
606
628
621
619
584
607
616
632
625
600
608
645
652
616
618
618
630
604
598
585
604
617
603
596
621
635
633
626
607
631
634
605
643
593
624
625
597
656
635
605
649
642
618
633
627
611
626
637
636
634
607
593
614
613
608
625
622
601
610
610
628
638
632
615
617
659
636
608
611
621
619
622
626
612
630
614
588
622
644
627
619
610
601
633
629
608
629
663
626
622
604
608
625
625
622
621
636
613
600
602
624
598
591
595
613
641
623
623
649
630
629
618
625
599
620
610
623
633
622
621
595
623
642
631
631
608
618
597
611
615
624
607
650
629
603
644
617
615
622
634
632
608
606
637
622
604
623
594
605
619
632
625
622
621
604
633
626
615
613
601
600
628
650
635
621
620
617
613
594
592
626
609
605
622
602
600
619
617
627
614
618
613
606
642
628
605
626
613
602
615
605
614
629
611
606
620
628
625
633
621
601
610
605
594
630
628
597
614
638
619
619
602
615
612
629
637
589
617
619
601
617
603
622
620
611
612
597
636
625
633
616
641
625
606
633
614
594
625
608
613
621
626
625
623
637
573
638
607
630
640
610
619
626
626
618
613
611
622
598
605
604
621
598
617
650
609
626
615
625
622
601
638
623
609
621
627
588
639
622
603
654
633
583
632
620
619
609
610
617
606
633
593
624
636
616
646
636
649
622
624
623
645
611
615
633
609
627
636
599
619
616
599
612
638
621
631
603
602
629
629
599
585
630
630
618
624
612
594
592
612
623
578
604
615
606
623
635
606
600
609
627
623
590
633
599
607
615
601
627
612
619
624
632
626
626
625
602
627
620
580
627
636
649
635
635
609
616
631
646
638
622
601
621
629
599
602
586
589
605
620
601
618
604
603
623
644
600
604
622
609
644
602
639
625
621
642
634
632
620
639
605
618
633
637
644
640
621
607
594
629
625
614
590
615
610
609
615
603
629
575
622
619
625
592
605
634
602
624
638
628
630
625
629
596
613
612
608
605
608
618
594
616
612
597
608
580
617
641
610
616
630
625
RamSize=1000 start
777
913
780
818
780
778
791
822
911
909
844
875
877
776
888
821
746
741
854
895
841
816
869
911
838
840
881
901
826
894
872
910
807
855
914
882
884
874
876
823
972
914
860
920
871
891
887
892
920
925
868
854
903
939
880
881
831
890
895
833
906
785
854
929
883
878
923
834
927
868
878
876
853
911
899
906
855
882
890
934
882
910
913
869
873
851
844
874
893
954
918
911
884
901
909
838
931
927
933
924
876
950
921
881
886
823
890
873
819
827
890
946
900
896
862
904
889
921
928
868
944
885
940
924
874
879
850
900
943
840
876
866
946
953
928
845
905
932
970
930
897
860
875
953
900
956
872
858
880
883
883
924
868
891
864
887
864
812
872
951
915
870
928
847
880
887
857
920
880
885
913
937
883
833
925
929
952
903
888
830
890
951
867
930
863
919
869
921
928
910
891
930
805
904
927
936
875
831
864
938
824
879
880
877
931
922
890
901
879
892
846
848
889
936
917
870
888
919
851
833
842
916
874
890
840
878
899
870
886
936
869
861
815
913
940
839
910
942
839
917
915
873
833
870
952
823
844
872
820
842
872
938
931
919
874
920
827
861
808
854
881
863
877
873
897
911
941
827
863
909
816
882
907
915
953
909
832
843
871
867
827
945
902
871
848
876
886
869
867
829
816
859
922
874
831
893
845
886
881
873
939
915
878
878
862
884
805
921
926
862
846
926
819
912
905
876
881
889
875
926
882
889
882
881
873
858
916
895
870
868
810
866
909
931
880
888
879
926
935
940
861
872
896
898
891
919
840
976
932
955
925
913
874
878
890
874
836
915
939
974
884
823
877
892
915
888
824
863
855
862
829
930
864
926
877
906
928
911
948
911
897
902
885
862
896
863
890
930
878
947
926
816
845
878
877
828
896
935
925
892
924
855
886
898
886
886
904
908
937
925
884
855
910
919
860
814
939
927
911
887
923
880
882
895
863
875
898
956
828
936
903
885
914
922
906
829
852
858
925
825
880
877
858
823
843
824
942
923
858
854
819
932
877
912
857
883
851
896
922
886
883
923
890
872
826
831
884
866
877
918
878
878
916
866
877
865
872
879
884
884
886
926
930
882
861
871
879
842
927
879
928
864
898
859
811
861
905
857
955
934
------------------
894
885
854
878
821
831
942
919
858
830
871
876
879
917
867
882
869
875
858
862
887
897
837
880
828
861
876
826
840
886
883
865
847
863
922
920
873
842
952
917
943
852
868
876
918
842
877
884
852
834
893
882
883
888
862
888
879
883
909
856
829
915
877
827
828
957
940
939
881
924
882
869
889
824
830
837
909
911
889
808
853
870
915
841
892
912
890
919
891
918
877
887
882
911
898
853
871
886
926
850
946
936
950
881
900
923
836
868
894
924
879
832
890
936
889
915
872
878
838
879
888
891
852
884
931
903
863
929
828
872
884
908
834
856
836
936
921
934
891
857
886
844
857
848
882
855
836
865
931
838
882
826
923
927
820
865
862
888
890
858
842
818
876
883
876
903
875
866
880
871
877
873
853
866
833
910
926
916
873
906
885
865
876
883
878
849
922
876
869
829
871
872
904
905
873
922
882
847
849
904
931
925
872
867
870
847
905
850
900
920
853
839
896
911
954
885
877
895
825
919
935
911
894
956
891
902
877
878
852
943
918
925
894
906
967
882
881
884
894
931
887
897
878
878
882
893
921
915
957
876
845
873
853
918
903
891
825
887
900
973
887
892
934
857
885
877
838
833
813
845
911
949
917
889
895
916
881
851
935
884
869
805
932
873
907
839
845
867
920
950
909
941
929
826
885
876
856
835
882
889
882
920
892
877
937
825
803
867
886
857
869
964
923
883
840
827
910
889
866
859
829
876
876
825
876
876
920
878
891
853
918
888
900
854
834
913
906
889
906
886
851
889
831
875
892
872
872
905
920
910
907
883
874
878
812
932
840
879
887
897
883
892
879
896
924
948
844
915
885
928
880
882
928
865
929
842
889
924
889
881
904
811
852
822
894
839
875
884
865
891
823
803
860
886
890
883
933
880
916
843
860
836
854
903
924
921
827
913
913
871
866
891
901
864
888
939
951
880
930
936
803
895
932
874
878
833
875
883
863
842
885
930
887
930
827
895
860
894
888
931
942
878
842
870
925
879
862
873
948
891
868
927
866
878
882
930
924
932
871
884
922
894
886
853
846
807
851
926
940
923
909
913
895
844
886
921
973
919
852
885
881
914
894
920
880
928
942
867
863
945
926
918
862
857
890
921
941
830
837
880
RamSize=1000 start
777
913
780
818
780
778
791
822
911
909
844
875
877
776
888
821
746
741
854
895
841
816
869
911
838
840
881
901
826
894
872
910
807
855
914
882
884
874
876
823
972
914
860
920
871
891
887
892
920
925
868
854
903
939
880
881
831
890
895
833
906
785
854
929
883
878
923
834
927
868
878
876
853
911
899
906
855
882
890
934
882
910
913
869
873
851
844
874
893
954
918
911
884
901
909
838
931
927
933
924
876
950
921
881
886
823
890
873
819
827
890
946
900
896
862
904
889
921
928
868
944
885
940
924
874
879
850
900
943
840
876
866
946
953
928
845
905
932
970
930
897
860
875
953
900
956
872
858
880
883
883
924
868
891
864
887
864
812
872
951
915
870
928
847
880
887
857
920
880
885
913
937
883
833
925
929
952
903
888
830
890
951
867
930
863
919
869
921
928
910
891
930
805
904
927
936
875
831
864
938
824
879
880
877
931
922
890
901
879
892
846
848
889
936
917
870
888
919
851
833
842
916
874
890
840
878
899
870
886
936
869
861
815
913
940
839
910
942
839
917
915
873
833
870
952
823
844
872
820
842
872
938
931
919
874
920
827
861
808
854
881
863
877
873
897
911
941
827
863
909
816
882
907
915
953
909
832
843
871
867
827
945
902
871
848
876
886
869
867
829
816
859
922
874
831
893
845
886
881
873
939
915
878
878
862
884
805
921
926
862
846
926
819
912
905
876
881
889
875
926
882
889
882
881
873
858
916
895
870
868
810
866
909
931
880
888
879
926
935
940
861
872
896
898
891
919
840
976
932
955
925
913
874
878
890
874
836
915
939
974
884
823
877
892
915
888
824
863
855
862
829
930
864
926
877
906
928
911
948
911
897
902
885
862
896
863
890
930
878
947
926
816
845
878
877
828
896
935
925
892
924
855
886
898
886
886
904
908
937
925
884
855
910
919
860
814
939
927
911
887
923
880
882
895
863
875
898
956
828
936
903
885
914
922
906
829
852
858
925
825
880
877
858
823
843
824
942
923
858
854
819
932
877
912
857
883
851
896
922
886
883
923
890
872
826
831
884
866
877
918
878
878
916
866
877
865
872
879
884
884
886
926
930
882
861
871
879
842
927
879
928
864
898
859
811
861
905
857
955
934
------------------
894
885
854
878
821
831
942
919
858
830
871
876
879
917
867
882
869
875
858
862
887
897
837
880
828
861
876
826
840
886
883
865
847
863
922
920
873
842
952
917
943
852
868
876
918
842
877
884
852
834
893
882
883
888
862
888
879
883
909
856
829
915
877
827
828
957
940
939
881
924
882
869
889
824
830
837
909
911
889
808
853
870
915
841
892
912
890
919
891
918
877
887
882
911
898
853
871
886
926
850
946
936
950
881
900
923
836
868
894
924
879
832
890
936
889
915
872
878
838
879
888
891
852
884
931
903
863
929
828
872
884
908
834
856
836
936
921
934
891
857
886
844
857
848
882
855
836
865
931
838
882
826
923
927
820
865
862
888
890
858
842
818
876
883
876
903
875
866
880
871
877
873
853
866
833
910
926
916
873
906
885
865
876
883
878
849
922
876
869
829
871
872
904
905
873
922
882
847
849
904
931
925
872
867
870
847
905
850
900
920
853
839
896
911
954
885
877
895
825
919
935
911
894
956
891
902
877
878
852
943
918
925
894
906
967
882
881
884
894
931
887
897
878
878
882
893
921
915
957
876
845
873
853
918
903
891
825
887
900
973
887
892
934
857
885
877
838
833
813
845
911
949
917
889
895
916
881
851
935
884
869
805
932
873
907
839
845
867
920
950
909
941
929
826
885
876
856
835
882
889
882
920
892
877
937
825
803
867
886
857
869
964
923
883
840
827
910
889
866
859
829
876
876
825
876
876
920
878
891
853
918
888
900
854
834
913
906
889
906
886
851
889
831
875
892
872
872
905
920
910
907
883
874
878
812
932
840
879
887
897
883
892
879
896
924
948
844
915
885
928
880
882
928
865
929
842
889
924
889
881
904
811
852
822
894
839
875
884
865
891
823
803
860
886
890
883
933
880
916
843
860
836
854
903
924
921
827
913
913
871
866
891
901
864
888
939
951
880
930
936
803
895
932
874
878
833
875
883
863
842
885
930
887
930
827
895
860
894
888
931
942
878
842
870
925
879
862
873
948
891
868
927
866
878
882
930
924
932
871
884
922
894
886
853
846
807
851
926
940
923
909
913
895
844
886
921
973
919
852
885
881
914
894
920
880
928
942
867
863
945
926
918
862
857
890
921
941
830
837
880
RamSize=1000 start
777
913
780
818
780
778
791
822
911
909
844
875
877
776
888
821
746
741
854
895
841
816
869
911
838
840
881
901
826
894
872
910
807
855
914
882
884
874
876
823
972
914
860
920
871
891
887
892
920
925
868
854
903
939
880
881
831
890
895
833
906
785
854
929
883
878
923
834
927
868
878
876
853
911
899
906
855
882
890
934
882
910
913
869
873
851
844
874
893
954
918
911
884
901
909
838
931
927
933
924
876
950
921
881
886
823
890
873
819
827
890
946
900
896
862
904
889
921
928
868
944
885
940
924
874
879
850
900
943
840
876
866
946
953
928
845
905
932
970
930
897
860
875
953
900
956
872
858
880
883
883
924
868
891
864
887
864
812
872
951
915
870
928
847
880
887
857
920
880
885
913
937
883
833
925
929
952
903
888
830
890
951
867
930
863
919
869
921
928
910
891
930
805
904
927
936
875
831
864
938
824
879
880
877
931
922
890
901
879
892
846
848
889
936
917
870
888
919
851
833
842
916
874
890
840
878
899
870
886
936
869
861
815
913
940
839
910
942
839
917
915
873
833
870
952
823
844
872
820
842
872
938
931
919
874
920
827
861
808
854
881
863
877
873
897
911
941
827
863
909
816
882
907
915
953
909
832
843
871
867
827
945
902
871
848
876
886
869
867
829
816
859
922
874
831
893
845
886
881
873
939
915
878
878
862
884
805
921
926
862
846
926
819
912
905
876
881
889
875
926
882
889
882
881
873
858
916
895
870
868
810
866
909
931
880
888
879
926
935
940
861
872
896
898
891
919
840
976
932
955
925
913
874
878
890
874
836
915
939
974
884
823
877
892
915
888
824
863
855
862
829
930
864
926
877
906
928
911
948
911
897
902
885
862
896
863
890
930
878
947
926
816
845
878
877
828
896
935
925
892
924
855
886
898
886
886
904
908
937
925
884
855
910
919
860
814
939
927
911
887
923
880
882
895
863
875
898
956
828
936
903
885
914
922
906
829
852
858
925
825
880
877
858
823
843
824
942
923
858
854
819
932
877
912
857
883
851
896
922
886
883
923
890
872
826
831
884
866
877
918
878
878
916
866
877
865
872
879
884
884
886
926
930
882
861
871
879
842
927
879
928
864
898
859
811
861
905
857
955
934
------------------
894
885
854
878
821
831
942
919
858
830
871
876
879
917
867
882
869
875
858
862
887
897
837
880
828
861
876
826
840
886
883
865
847
863
922
920
873
842
952
917
943
852
868
876
918
842
877
884
852
834
893
882
883
888
862
888
879
883
909
856
829
915
877
827
828
957
940
939
881
924
882
869
889
824
830
837
909
911
889
808
853
870
915
841
892
912
890
919
891
918
877
887
882
911
898
853
871
886
926
850
946
936
950
881
900
923
836
868
894
924
879
832
890
936
889
915
872
878
838
879
888
891
852
884
931
903
863
929
828
872
884
908
834
856
836
936
921
934
891
857
886
844
857
848
882
855
836
865
931
838
882
826
923
927
820
865
862
888
890
858
842
818
876
883
876
903
875
866
880
871
877
873
853
866
833
910
926
916
873
906
885
865
876
883
878
849
922
876
869
829
871
872
904
905
873
922
882
847
849
904
931
925
872
867
870
847
905
850
900
920
853
839
896
911
954
885
877
895
825
919
935
911
894
956
891
902
877
878
852
943
918
925
894
906
967
882
881
884
894
931
887
897
878
878
882
893
921
915
957
876
845
873
853
918
903
891
825
887
900
973
887
892
934
857
885
877
838
833
813
845
911
949
917
889
895
916
881
851
935
884
869
805
932
873
907
839
845
867
920
950
909
941
929
826
885
876
856
835
882
889
882
920
892
877
937
825
803
867
886
857
869
964
923
883
840
827
910
889
866
859
829
876
876
825
876
876
920
878
891
853
918
888
900
854
834
913
906
889
906
886
851
889
831
875
892
872
872
905
920
910
907
883
874
878
812
932
840
879
887
897
883
892
879
896
924
948
844
915
885
928
880
882
928
865
929
842
889
924
889
881
904
811
852
822
894
839
875
884
865
891
823
803
860
886
890
883
933
880
916
843
860
836
854
903
924
921
827
913
913
871
866
891
901
864
888
939
951
880
930
936
803
895
932
874
878
833
875
883
863
842
885
930
887
930
827
895
860
894
888
931
942
878
842
870
925
879
862
873
948
891
868
927
866
878
882
930
924
932
871
884
922
894
886
853
846
807
851
926
940
923
909
913
895
844
886
921
973
919
852
885
881
914
894
920
880
928
942
867
863
945
926
918
862
857
890
921
941
830
837
880
RamSize=1000 start
319
419
439
525
502
529
552
551
577
591
602
602
591
593
612
613
613
634
616
607
618
624
624
652
610
607
606
601
617
599
627
637
625
609
607
643
626
635
588
622
625
603
616
634
607
630
632
607
627
622
618
585
606
616
632
626
601
606
646
652
616
618
619
628
604
598
586
604
616
603
597
621
634
634
626
608
629
635
604
644
592
624
625
598
656
635
604
650
642
617
635
626
611
626
637
636
634
607
592
615
612
608
626
621
602
610
610
628
637
634
615
616
658
637
608
611
621
619
621
627
613
630
612
590
621
643
628
619
610
601
632
629
609
630
661
627
622
605
608
623
626
621
621
638
612
599
602
625
597
592
595
612
642
623
623
648
631
629
619
625
598
620
609
624
633
622
621
595
623
642
631
631
607
619
597
610
616
624
607
651
627
605
644
616
614
624
632
634
606
608
636
622
604
623
593
606
619
633
625
621
621
603
634
626
614
615
600
599
629
650
635
622
619
616
614
595
592
624
610
605
622
603
600
617
618
627
613
619
612
606
643
628
604
627
613
601
616
604
615
628
612
606
620
627
626
633
622
601
609
605
594
630
629
596
614
639
618
618
602
615
613
630
636
588
617
620
600
617
604
622
620
610
613
598
634
625
634
616
641
624
607
633
615
593
624
610
612
620
627
625
622
637
574
637
609
628
641
609
620
625
628
617
612
612
622
597
607
602
622
597
619
648
610
626
614
626
622
601
637
624
608
622
628
586
640
623
603
653
632
584
631
621
618
610
610
617
606
632
594
624
636
617
645
635
650
622
624
624
645
611
614
634
609
625
637
599
618
617
599
611
640
620
632
601
603
629
630
598
585
630
630
617
624
612
595
592
612
622
578
605
615
606
622
635
607
600
609
627
623
590
633
599
606
615
603
625
612
620
625
631
626
627
624
603
625
621
580
627
636
649
634
636
609
615
631
646
639
621
603
619
630
600
602
585
590
605
619
600
619
604
603
622
644
601
604
622
608
646
600
639
626
622
640
636
630
620
640
605
618
633
636
646
638
621
607
595
628
625
614
591
615
610
609
615
602
630
575
621
620
624
592
607
633
602
625
637
627
631
624
629
596
613
613
608
605
607
619
594
616
611
598
607
581
616
642
610
616
629
625
606
------------------
605
606
618
610
612
609
631
626
623
603
614
648
647
624
605
639
647
613
627
624
619
632
633
641
609
628
610
622
615
595
636
616
612
631
615
617
581
636
630
619
583
571
657
598
609
624
614
604
588
620
620
602
612
633
633
626
629
628
620
616
584
607
591
618
606
604
621
590
612
636
637
631
606
620
618
619
622
638
595
651
612
610
623
611
615
602
595
627
640
659
648
627
617
641
629
640
613
602
602
612
606
623
615
609
599
594
634
592
623
603
608
629
623
607
625
629
619
617
595
603
619
626
619
595
634
609
614
598
622
604
622
610
619
610
642
640
609
611
630
604
604
643
622
590
605
631
624
618
618
592
644
605
645
596
632
645
619
627
611
631
611
614
640
642
622
608
605
631
604
633
623
638
603
626
614
621
617
614
663
633
622
613
605
631
627
631
615
648
610
601
590
591
617
601
651
618
607
613
605
625
612
616
602
575
614
620
608
583
638
637
613
618
603
632
596
618
616
628
612
573
608
597
605
634
631
617
621
647
612
603
649
614
622
635
619
596
620
623
629
628
608
615
634
629
604
651
673
620
603
614
608
622
611
634
617
617
581
634
598
619
605
583
590
617
618
615
625
624
603
623
618
609
611
603
613
608
628
596
606
633
602
635
613
603
618
630
596
626
628
632
634
631
610
594
617
614
596
609
672
618
611
602
601
636
617
603
610
597
650
618
619
609
608
607
611
605
655
627
638
596
601
624
612
597
637
604
635
643
650
614
623
633
599
630
612
635
652
614
609
630
633
606
615
614
594
615
646
627
655
622
637
603
599
644
622
630
604
608
601
616
606
612
619
599
605
615
604
638
609
614
596
601
583
628
605
595
633
635
626
628
621
612
609
627
633
633
624
603
605
618
614
616
631
620
606
613
623
610
651
597
618
655
630
599
583
592
621
622
611
621
616
579
635
622
638
607
608
624
589
590
624
630
607
617
634
621
624
614
619
585
631
631
611
580
625
630
593
606
610
609
612
612
607
609
620
611
636
616
633
628
602
601
644
619
596
619
588
612
637
630
603
620
593
601
612
619
626
603
590
611
636
602
624
624
629
603
608
634
622
606
603
620
631
629
608
625
609
629
638
631
638
600
615
620
634
633
618
628
650
625
RamSize=1000 start
319
419
439
525
502
529
552
551
577
591
602
602
591
593
612
613
613
634
616
607
618
624
624
652
610
607
606
601
617
599
627
637
625
609
607
643
626
635
588
622
625
603
616
634
607
630
632
607
627
622
618
585
606
616
632
626
601
606
646
652
616
618
619
628
604
598
586
604
616
603
597
621
634
634
626
608
629
635
604
644
592
624
625
598
656
635
604
650
642
617
635
626
611
626
637
636
634
607
592
615
612
608
626
621
602
610
610
628
637
634
615
616
658
637
608
611
621
619
621
627
613
630
612
590
621
643
628
619
610
601
632
629
609
630
661
627
622
605
608
623
626
621
621
638
612
599
602
625
597
592
595
612
642
623
623
648
631
629
619
625
598
620
609
624
633
622
621
595
623
642
631
631
607
619
597
610
616
624
607
651
627
605
644
616
614
624
632
634
606
608
636
622
604
623
593
606
619
633
625
621
621
603
634
626
614
615
600
599
629
650
635
622
619
616
614
595
592
624
610
605
622
603
600
617
618
627
613
619
612
606
643
628
604
627
613
601
616
604
615
628
612
606
620
627
626
633
622
601
609
605
594
630
629
596
614
639
618
618
602
615
613
630
636
588
617
620
600
617
604
622
620
610
613
598
634
625
634
616
641
624
607
633
615
593
624
610
612
620
627
625
622
637
574
637
609
628
641
609
620
625
628
617
612
612
622
597
607
602
622
597
619
648
610
626
614
626
622
601
637
624
608
622
628
586
640
623
603
653
632
584
631
621
618
610
610
617
606
632
594
624
636
617
645
635
650
622
624
624
645
611
614
634
609
625
637
599
618
617
599
611
640
620
632
601
603
629
630
598
585
630
630
617
624
612
595
592
612
622
578
605
615
606
622
635
607
600
609
627
623
590
633
599
606
615
603
625
612
620
625
631
626
627
624
603
625
621
580
627
636
649
634
636
609
615
631
646
639
621
603
619
630
600
602
585
590
605
619
600
619
604
603
622
644
601
604
622
608
646
600
639
626
622
640
636
630
620
640
605
618
633
636
646
638
621
607
595
628
625
614
591
615
610
609
615
602
630
575
621
620
624
592
607
633
602
625
637
627
631
624
629
596
613
613
608
605
607
619
594
616
611
598
607
581
616
642
610
616
629
625
606
------------------
605
606
618
610
612
609
631
626
623
603
614
648
647
624
605
639
647
613
627
624
619
632
633
641
609
628
610
622
615
595
636
616
612
631
615
617
581
636
630
619
583
571
657
598
609
624
614
604
588
620
620
602
612
633
633
626
629
628
620
616
584
607
591
618
606
604
621
590
612
636
637
631
606
620
618
619
622
638
595
651
612
610
623
611
615
602
595
627
640
659
648
627
617
641
629
640
613
602
602
612
606
623
615
609
599
594
634
592
623
603
608
629
623
607
625
629
619
617
595
603
619
626
619
595
634
609
614
598
622
604
622
610
619
610
642
640
609
611
630
604
604
643
622
590
605
631
624
618
618
592
644
605
645
596
632
645
619
627
611
631
611
614
640
642
622
608
605
631
604
633
623
638
603
626
614
621
617
614
663
633
622
613
605
631
627
631
615
648
610
601
590
591
617
601
651
618
607
613
605
625
612
616
602
575
614
620
608
583
638
637
613
618
603
632
596
618
616
628
612
573
608
597
605
634
631
617
621
647
612
603
649
614
622
635
619
596
620
623
629
628
608
615
634
629
604
651
673
620
603
614
608
622
611
634
617
617
581
634
598
619
605
583
590
617
618
615
625
624
603
623
618
609
611
603
613
608
628
596
606
633
602
635
613
603
618
630
596
626
628
632
634
631
610
594
617
614
596
609
672
618
611
602
601
636
617
603
610
597
650
618
619
609
608
607
611
605
655
627
638
596
601
624
612
597
637
604
635
643
650
614
623
633
599
630
612
635
652
614
609
630
633
606
615
614
594
615
646
627
655
622
637
603
599
644
622
630
604
608
601
616
606
612
619
599
605
615
604
638
609
614
596
601
583
628
605
595
633
635
626
628
621
612
609
627
633
633
624
603
605
618
614
616
631
620
606
613
623
610
651
597
618
655
630
599
583
592
621
622
611
621
616
579
635
622
638
607
608
624
589
590
624
630
607
617
634
621
624
614
619
585
631
631
611
580
625
630
593
606
610
609
612
612
607
609
620
611
636
616
633
628
602
601
644
619
596
619
588
612
637
630
603
620
593
601
612
619
626
603
590
611
636
602
624
624
629
603
608
634
622
606
603
620
631
629
608
625
609
629
638
631
638
600
615
620
634
633
618
628
650
625
RamSize=1000 start
319
419
439
525
502
529
552
551
577
591
602
602
591
593
612
613
613
634
616
607
618
624
624
652
610
607
606
601
617
599
627
637
625
609
607
643
626
635
588
622
625
603
616
634
607
630
632
607
627
622
618
585
606
616
632
626
601
606
646
652
616
618
619
628
604
598
586
604
616
603
597
621
634
634
626
608
629
635
604
644
592
624
625
598
656
635
604
650
642
617
635
626
611
626
637
636
634
607
592
615
612
608
626
621
602
610
610
628
637
634
615
616
658
637
608
611
621
619
621
627
613
630
612
590
621
643
628
619
610
601
632
629
609
630
661
627
622
605
608
623
626
621
621
638
612
599
602
625
597
592
595
612
642
623
623
648
631
629
619
625
598
620
609
624
633
622
621
595
623
642
631
631
607
619
597
610
616
624
607
651
627
605
644
616
614
624
632
634
606
608
636
622
604
623
593
606
619
633
625
621
621
603
634
626
614
615
600
599
629
650
635
622
619
616
614
595
592
624
610
605
622
603
600
617
618
627
613
619
612
606
643
628
604
627
613
601
616
604
615
628
612
606
620
627
626
633
622
601
609
605
594
630
629
596
614
639
618
618
602
615
613
630
636
588
617
620
600
617
604
622
620
610
613
598
634
625
634
616
641
624
607
633
615
593
624
610
612
620
627
625
622
637
574
637
609
628
641
609
620
625
628
617
612
612
622
597
607
602
622
597
619
648
610
626
614
626
622
601
637
624
608
622
628
586
640
623
603
653
632
584
631
621
618
610
610
617
606
632
594
624
636
617
645
635
650
622
624
624
645
611
614
634
609
625
637
599
618
617
599
611
640
620
632
601
603
629
630
598
585
630
630
617
624
612
595
592
612
622
578
605
615
606
622
635
607
600
609
627
623
590
633
599
606
615
603
625
612
620
625
631
626
627
624
603
625
621
580
627
636
649
634
636
609
615
631
646
639
621
603
619
630
600
602
585
590
605
619
600
619
604
603
622
644
601
604
622
608
646
600
639
626
622
640
636
630
620
640
605
618
633
636
646
638
621
607
595
628
625
614
591
615
610
609
615
602
630
575
621
620
624
592
607
633
602
625
637
627
631
624
629
596
613
613
608
605
607
619
594
616
611
598
607
581
616
642
610
616
629
625
606
------------------
605
606
618
610
612
609
631
626
623
603
614
648
647
624
605
639
647
613
627
624
619
632
633
641
609
628
610
622
615
595
636
616
612
631
615
617
581
636
630
619
583
571
657
598
609
624
614
604
588
620
620
602
612
633
633
626
629
628
620
616
584
607
591
618
606
604
621
590
612
636
637
631
606
620
618
619
622
638
595
651
612
610
623
611
615
602
595
627
640
659
648
627
617
641
629
640
613
602
602
612
606
623
615
609
599
594
634
592
623
603
608
629
623
607
625
629
619
617
595
603
619
626
619
595
634
609
614
598
622
604
622
610
619
610
642
640
609
611
630
604
604
643
622
590
605
631
624
618
618
592
644
605
645
596
632
645
619
627
611
631
611
614
640
642
622
608
605
631
604
633
623
638
603
626
614
621
617
614
663
633
622
613
605
631
627
631
615
648
610
601
590
591
617
601
651
618
607
613
605
625
612
616
602
575
614
620
608
583
638
637
613
618
603
632
596
618
616
628
612
573
608
597
605
634
631
617
621
647
612
603
649
614
622
635
619
596
620
623
629
628
608
615
634
629
604
651
673
620
603
614
608
622
611
634
617
617
581
634
598
619
605
583
590
617
618
615
625
624
603
623
618
609
611
603
613
608
628
596
606
633
602
635
613
603
618
630
596
626
628
632
634
631
610
594
617
614
596
609
672
618
611
602
601
636
617
603
610
597
650
618
619
609
608
607
611
605
655
627
638
596
601
624
612
597
637
604
635
643
650
614
623
633
599
630
612
635
652
614
609
630
633
606
615
614
594
615
646
627
655
622
637
603
599
644
622
630
604
608
601
616
606
612
619
599
605
615
604
638
609
614
596
601
583
628
605
595
633
635
626
628
621
612
609
627
633
633
624
603
605
618
614
616
631
620
606
613
623
610
651
597
618
655
630
599
583
592
621
622
611
621
616
579
635
622
638
607
608
624
589
590
624
630
607
617
634
621
624
614
619
585
631
631
611
580
625
630
593
606
610
609
612
612
607
609
620
611
636
616
633
628
602
601
644
619
596
619
588
612
637
630
603
620
593
601
612
619
626
603
590
611
636
602
624
624
629
603
608
634
622
606
603
620
631
629
608
625
609
629
638
631
638
600
615
620
634
633
618
628
650
625
RamSize=1000 start
777
913
780
818
780
778
791
822
911
909
844
875
877
776
888
821
746
741
854
895
841
816
869
911
838
840
881
901
826
894
872
910
807
855
914
882
884
874
876
823
972
914
860
920
871
891
887
892
920
925
868
854
903
939
880
881
831
890
895
833
906
785
854
929
883
878
923
834
927
868
878
876
853
911
899
906
855
882
890
934
882
910
913
869
873
851
844
874
893
954
918
911
884
901
909
838
931
927
933
924
876
950
921
881
886
823
890
873
819
827
890
946
900
896
862
904
889
921
928
868
944
885
940
924
874
879
850
900
943
840
876
866
946
953
928
845
905
932
970
930
897
860
875
953
900
956
872
858
880
883
883
924
868
891
864
887
864
812
872
951
915
870
928
847
880
887
857
920
880
885
913
937
883
833
925
929
952
903
888
830
890
951
867
930
863
919
869
921
928
910
891
930
805
904
927
936
875
831
864
938
824
879
880
877
931
922
890
901
879
892
846
848
889
936
917
870
888
919
851
833
842
916
874
890
840
878
899
870
886
936
869
861
815
913
940
839
910
942
839
917
915
873
833
870
952
823
844
872
820
842
872
938
931
919
874
920
827
861
808
854
881
863
877
873
897
911
941
827
863
909
816
882
907
915
953
909
832
843
871
867
827
945
902
871
848
876
886
869
867
829
816
859
922
874
831
893
845
886
881
873
939
915
878
878
862
884
805
921
926
862
846
926
819
912
905
876
881
889
875
926
882
889
882
881
873
858
916
895
870
868
810
866
909
931
880
888
879
926
935
940
861
872
896
898
891
919
840
976
932
955
925
913
874
878
890
874
836
915
939
974
884
823
877
892
915
888
824
863
855
862
829
930
864
926
877
906
928
911
948
911
897
902
885
862
896
863
890
930
878
947
926
816
845
878
877
828
896
935
925
892
924
855
886
898
886
886
904
908
937
925
884
855
910
919
860
814
939
927
911
887
923
880
882
895
863
875
898
956
828
936
903
885
914
922
906
829
852
858
925
825
880
877
858
823
843
824
942
923
858
854
819
932
877
912
857
883
851
896
922
886
883
923
890
872
826
831
884
866
877
918
878
878
916
866
877
865
872
879
884
884
886
926
930
882
861
871
879
842
927
879
928
864
898
859
811
861
905
857
955
934
------------------
894
885
854
878
821
831
942
919
858
830
871
876
879
917
867
882
869
875
858
862
887
897
837
880
828
861
876
826
840
886
883
865
847
863
922
920
873
842
952
917
943
852
868
876
918
842
877
884
852
834
893
882
883
888
862
888
879
883
909
856
829
915
877
827
828
957
940
939
881
924
882
869
889
824
830
837
909
911
889
808
853
870
915
841
892
912
890
919
891
918
877
887
882
911
898
853
871
886
926
850
946
936
950
881
900
923
836
868
894
924
879
832
890
936
889
915
872
878
838
879
888
891
852
884
931
903
863
929
828
872
884
908
834
856
836
936
921
934
891
857
886
844
857
848
882
855
836
865
931
838
882
826
923
927
820
865
862
888
890
858
842
818
876
883
876
903
875
866
880
871
877
873
853
866
833
910
926
916
873
906
885
865
876
883
878
849
922
876
869
829
871
872
904
905
873
922
882
847
849
904
931
925
872
867
870
847
905
850
900
920
853
839
896
911
954
885
877
895
825
919
935
911
894
956
891
902
877
878
852
943
918
925
894
906
967
882
881
884
894
931
887
897
878
878
882
893
921
915
957
876
845
873
853
918
903
891
825
887
900
973
887
892
934
857
885
877
838
833
813
845
911
949
917
889
895
916
881
851
935
884
869
805
932
873
907
839
845
867
920
950
909
941
929
826
885
876
856
835
882
889
882
920
892
877
937
825
803
867
886
857
869
964
923
883
840
827
910
889
866
859
829
876
876
825
876
876
920
878
891
853
918
888
900
854
834
913
906
889
906
886
851
889
831
875
892
872
872
905
920
910
907
883
874
878
812
932
840
879
887
897
883
892
879
896
924
948
844
915
885
928
880
882
928
865
929
842
889
924
889
881
904
811
852
822
894
839
875
884
865
891
823
803
860
886
890
883
933
880
916
843
860
836
854
903
924
921
827
913
913
871
866
891
901
864
888
939
951
880
930
936
803
895
932
874
878
833
875
883
863
842
885
930
887
930
827
895
860
894
888
931
942
878
842
870
925
879
862
873
948
891
868
927
866
878
882
930
924
932
871
884
922
894
886
853
846
807
851
926
940
923
909
913
895
844
886
921
973
919
852
885
881
914
894
920
880
928
942
867
863
945
926
918
862
857
890
921
941
830
837
880
RamSize=1000 start
319
419
439
525
502
529
552
551
577
591
602
602
591
593
612
613
613
634
616
607
618
624
624
652
610
607
606
601
617
599
627
637
625
609
607
643
626
635
588
622
625
603
616
634
607
630
632
607
627
622
618
585
606
616
632
626
601
606
646
652
616
618
619
628
604
598
586
604
616
603
597
621
634
634
626
608
629
635
604
644
592
624
625
598
656
635
604
650
642
617
635
626
611
626
637
636
634
607
592
615
612
608
626
621
602
610
610
628
637
634
615
616
658
637
608
611
621
619
621
627
613
630
612
590
621
643
628
619
610
601
632
629
609
630
661
627
622
605
608
623
626
621
621
638
612
599
602
625
597
592
595
612
642
623
623
648
631
629
619
625
598
620
609
624
633
622
621
595
623
642
631
631
607
619
597
610
616
624
607
651
627
605
644
616
614
624
632
634
606
608
636
622
604
623
593
606
619
633
625
621
621
603
634
626
614
615
600
599
629
650
635
622
619
616
614
595
592
624
610
605
622
603
600
617
618
627
613
619
612
606
643
628
604
627
613
601
616
604
615
628
612
606
620
627
626
633
622
601
609
605
594
630
629
596
614
639
618
618
602
615
613
630
636
588
617
620
600
617
604
622
620
610
613
598
634
625
634
616
641
624
607
633
615
593
624
610
612
620
627
625
622
637
574
637
609
628
641
609
620
625
628
617
612
612
622
597
607
602
622
597
619
648
610
626
614
626
622
601
637
624
608
622
628
586
640
623
603
653
632
584
631
621
618
610
610
617
606
632
594
624
636
617
645
635
650
622
624
624
645
611
614
634
609
625
637
599
618
617
599
611
640
620
632
601
603
629
630
598
585
630
630
617
624
612
595
592
612
622
578
605
615
606
622
635
607
600
609
627
623
590
633
599
606
615
603
625
612
620
625
631
626
627
624
603
625
621
580
627
636
649
634
636
609
615
631
646
639
621
603
619
630
600
602
585
590
605
619
600
619
604
603
622
644
601
604
622
608
646
600
639
626
622
640
636
630
620
640
605
618
633
636
646
638
621
607
595
628
625
614
591
615
610
609
615
602
630
575
621
620
624
592
607
633
602
625
637
627
631
624
629
596
613
613
608
605
607
619
594
616
611
598
607
581
616
642
610
616
629
625
606
------------------
605
606
618
610
612
609
631
626
623
603
614
648
647
624
605
639
647
613
627
624
619
632
633
641
609
628
610
622
615
595
636
616
612
631
615
617
581
636
630
619
583
571
657
598
609
624
614
604
588
620
620
602
612
633
633
626
629
628
620
616
584
607
591
618
606
604
621
590
612
636
637
631
606
620
618
619
622
638
595
651
612
610
623
611
615
602
595
627
640
659
648
627
617
641
629
640
613
602
602
612
606
623
615
609
599
594
634
592
623
603
608
629
623
607
625
629
619
617
595
603
619
626
619
595
634
609
614
598
622
604
622
610
619
610
642
640
609
611
630
604
604
643
622
590
605
631
624
618
618
592
644
605
645
596
632
645
619
627
611
631
611
614
640
642
622
608
605
631
604
633
623
638
603
626
614
621
617
614
663
633
622
613
605
631
627
631
615
648
610
601
590
591
617
601
651
618
607
613
605
625
612
616
602
575
614
620
608
583
638
637
613
618
603
632
596
618
616
628
612
573
608
597
605
634
631
617
621
647
612
603
649
614
622
635
619
596
620
623
629
628
608
615
634
629
604
651
673
620
603
614
608
622
611
634
617
617
581
634
598
619
605
583
590
617
618
615
625
624
603
623
618
609
611
603
613
608
628
596
606
633
602
635
613
603
618
630
596
626
628
632
634
631
610
594
617
614
596
609
672
618
611
602
601
636
617
603
610
597
650
618
619
609
608
607
611
605
655
627
638
596
601
624
612
597
637
604
635
643
650
614
623
633
599
630
612
635
652
614
609
630
633
606
615
614
594
615
646
627
655
622
637
603
599
644
622
630
604
608
601
616
606
612
619
599
605
615
604
638
609
614
596
601
583
628
605
595
633
635
626
628
621
612
609
627
633
633
624
603
605
618
614
616
631
620
606
613
623
610
651
597
618
655
630
599
583
592
621
622
611
621
616
579
635
622
638
607
608
624
589
590
624
630
607
617
634
621
624
614
619
585
631
631
611
580
625
630
593
606
610
609
612
612
607
609
620
611
636
616
633
628
602
601
644
619
596
619
588
612
637
630
603
620
593
601
612
619
626
603
590
611
636
602
624
624
629
603
608
634
622
606
603
620
631
629
608
625
609
629
638
631
638
600
615
620
634
633
618
628
650
625
RamSize=1000 start
777
913
780
818
780
778
791
822
911
909
844
875
877
776
888
821
746
741
854
895
841
816
869
911
838
840
881
901
826
894
872
910
807
855
914
882
884
874
876
823
972
914
860
920
871
891
887
892
920
925
868
854
903
939
880
881
831
890
895
833
906
785
854
929
883
878
923
834
927
868
878
876
853
911
899
906
855
882
890
934
882
910
913
869
873
851
844
874
893
954
918
911
884
901
909
838
931
927
933
924
876
950
921
881
886
823
890
873
819
827
890
946
900
896
862
904
889
921
928
868
944
885
940
924
874
879
850
900
943
840
876
866
946
953
928
845
905
932
970
930
897
860
875
953
900
956
872
858
880
883
883
924
868
891
864
887
864
812
872
951
915
870
928
847
880
887
857
920
880
885
913
937
883
833
925
929
952
903
888
830
890
951
867
930
863
919
869
921
928
910
891
930
805
904
927
936
875
831
864
938
824
879
880
877
931
922
890
901
879
892
846
848
889
936
917
870
888
919
851
833
842
916
874
890
840
878
899
870
886
936
869
861
815
913
940
839
910
942
839
917
915
873
833
870
952
823
844
872
820
842
872
938
931
919
874
920
827
861
808
854
881
863
877
873
897
911
941
827
863
909
816
882
907
915
953
909
832
843
871
867
827
945
902
871
848
876
886
869
867
829
816
859
922
874
831
893
845
886
881
873
939
915
878
878
862
884
805
921
926
862
846
926
819
912
905
876
881
889
875
926
882
889
882
881
873
858
916
895
870
868
810
866
909
931
880
888
879
926
935
940
861
872
896
898
891
919
840
976
932
955
925
913
874
878
890
874
836
915
939
974
884
823
877
892
915
888
824
863
855
862
829
930
864
926
877
906
928
911
948
911
897
902
885
862
896
863
890
930
878
947
926
816
845
878
877
828
896
935
925
892
924
855
886
898
886
886
904
908
937
925
884
855
910
919
860
814
939
927
911
887
923
880
882
895
863
875
898
956
828
936
903
885
914
922
906
829
852
858
925
825
880
877
858
823
843
824
942
923
858
854
819
932
877
912
857
883
851
896
922
886
883
923
890
872
826
831
884
866
877
918
878
878
916
866
877
865
872
879
884
884
886
926
930
882
861
871
879
842
927
879
928
864
898
859
811
861
905
857
955
934
------------------
894
885
854
878
821
831
942
919
858
830
871
876
879
917
867
882
869
875
858
862
887
897
837
880
828
861
876
826
840
886
883
865
847
863
922
920
873
842
952
917
943
852
868
876
918
842
877
884
852
834
893
882
883
888
862
888
879
883
909
856
829
915
877
827
828
957
940
939
881
924
882
869
889
824
830
837
909
911
889
808
853
870
915
841
892
912
890
919
891
918
877
887
882
911
898
853
871
886
926
850
946
936
950
881
900
923
836
868
894
924
879
832
890
936
889
915
872
878
838
879
888
891
852
884
931
903
863
929
828
872
884
908
834
856
836
936
921
934
891
857
886
844
857
848
882
855
836
865
931
838
882
826
923
927
820
865
862
888
890
858
842
818
876
883
876
903
875
866
880
871
877
873
853
866
833
910
926
916
873
906
885
865
876
883
878
849
922
876
869
829
871
872
904
905
873
922
882
847
849
904
931
925
872
867
870
847
905
850
900
920
853
839
896
911
954
885
877
895
825
919
935
911
894
956
891
902
877
878
852
943
918
925
894
906
967
882
881
884
894
931
887
897
878
878
882
893
921
915
957
876
845
873
853
918
903
891
825
887
900
973
887
892
934
857
885
877
838
833
813
845
911
949
917
889
895
916
881
851
935
884
869
805
932
873
907
839
845
867
920
950
909
941
929
826
885
876
856
835
882
889
882
920
892
877
937
825
803
867
886
857
869
964
923
883
840
827
910
889
866
859
829
876
876
825
876
876
920
878
891
853
918
888
900
854
834
913
906
889
906
886
851
889
831
875
892
872
872
905
920
910
907
883
874
878
812
932
840
879
887
897
883
892
879
896
924
948
844
915
885
928
880
882
928
865
929
842
889
924
889
881
904
811
852
822
894
839
875
884
865
891
823
803
860
886
890
883
933
880
916
843
860
836
854
903
924
921
827
913
913
871
866
891
901
864
888
939
951
880
930
936
803
895
932
874
878
833
875
883
863
842
885
930
887
930
827
895
860
894
888
931
942
878
842
870
925
879
862
873
948
891
868
927
866
878
882
930
924
932
871
884
922
894
886
853
846
807
851
926
940
923
909
913
895
844
886
921
973
919
852
885
881
914
894
920
880
928
942
867
863
945
926
918
862
857
890
921
941
830
837
880
RamSize=1000 start
408
519
572
608
621
619
670
691
669
684
682
705
705
710
719
721
719
743
687
720
714
708
746
694
715
686
721
731
711
707
713
747
722
744
709
754
687
707
747
718
713
728
726
741
743
698
740
750
710
741
711
732
716
737
735
742
725
731
750
729
730
705
711
716
746
711
693
754
713
694
737
718
718
714
719
732
726
721
753
739
732
744
724
724
723
733
739
726
734
717
729
704
728
725
696
733
728
694
736
739
730
717
725
714
740
722
716
741
737
717
734
710
718
743
705
714
742
728
705
719
720
717
719
729
687
716
701
716
725
733
729
725
734
724
725
727
712
729
725
746
704
719
716
719
717
736
711
739
736
713
706
718
758
712
729
705
722
730
730
754
735
731
741
712
737
746
717
735
732
736
722
721
737
710
701
705
739
729
705
755
724
725
715
736
709
721
736
714
691
710
717
714
721
749
737
745
705
713
715
726
735
712
733
743
746
734
733
715
715
708
746
731
719
736
724
718
739
718
701
718
736
712
723
740
731
733
720
720
715
722
709
732
733
724
717
715
700
724
722
693
726
696
710
737
713
723
720
718
764
727
724
727
726
734
743
731
719
711
723
726
723
718
708
738
687
710
716
716
724
714
701
713
718
724
730
742
709
706
719
690
713
708
731
701
708
727
718
706
715
722
726
736
741
758
719
716
735
725
724
723
708
713
721
727
727
711
714
709
703
685
709
747
718
743
745
723
755
718
743
716
747
717
742
704
725
715
693
731
761
705
733
703
715
720
725
689
718
721
758
748
750
721
728
724
726
727
714
706
743
687
720
722
729
725
718
758
741
705
706
726
757
720
709
741
725
725
721
727
720
739
722
746
720
718
716
713
696
700
714
736
711
719
722
733
704
750
748
701
732
739
702
733
734
714
708
727
741
699
711
745
724
698
734
709
712
732
730
718
743
689
725
715
736
731
726
740
751
710
707
716
707
710
723
732
725
725
727
726
705
712
717
737
736
752
732
728
677
721
718
725
728
699
736
723
712
717
726
731
719
708
729
717
687
719
747
726
732
728
717
721
717
727
700
714
708
733
709
715
708
719
702
697
705
731
716
694
730
730
719
725
753
703
754
706
707
742
733
743
712
721
721
701
718
719
722
698
732
735
702
710
------------------
714
707
725
705
723
696
714
732
720
719
720
726
741
701
745
765
740
706
715
715
734
721
726
720
687
723
723
725
698
719
719
716
729
715
707
717
712
696
730
717
742
691
714
726
732
725
717
713
727
765
735
721
737
742
713
730
718
739
744
709
702
690
711
731
728
726
713
713
730
736
698
745
726
736
719
736
716
744
737
747
717
735
726
712
731
742
710
711
727
748
700
741
721
739
718
718
720
707
696
730
739
734
721
720
728
734
691
724
731
733
719
726
709
742
743
737
713
733
732
741
737
708
714
719
736
702
733
734
740
717
692
722
728
730
725
727
728
724
722
751
708
715
717
712
730
717
717
700
715
742
698
718
742
726
749
722
690
739
707
709
725
730
731
722
717
678
736
713
737
742
705
738
715
702
740
705
708
711
711
732
724
713
737
712
740
690
737
716
728
716
725
734
727
722
732
739
700
721
718
739
721
716
706
733
707
732
701
725
725
709
733
730
721
776
709
726
743
734
728
718
736
749
716
766
735
732
722
735
720
710
714
719
711
714
738
740
716
732
725
702
734
718
732
722
753
712
716
709
725
696
710
719
708
739
726
747
710
715
713
746
716
697
727
708
747
700
718
723
726
748
705
720
710
724
739
739
742
742
732
713
712
716
717
730
715
703
732
717
718
727
744
736
710
701
701
735
709
708
727
705
716
703
742
759
716
755
718
715
723
729
724
726
724
751
730
702
735
723
721
711
738
728
729
717
745
718
727
698
728
718
703
721
714
719
746
715
738
726
708
713
721
730
731
720
730
730
726
701
713
730
708
722
721
731
739
711
741
702
711
717
711
715
728
748
736
722
731
728
720
705
726
738
699
737
718
727
720
743
731
729
735
717
712
711
725
738
732
736
717
722
745
719
714
722
736
722
744
715
737
714
711
738
713
738
718
719
718
724
732
722
720
685
714
727
733
755
710
734
713
708
705
738
722
707
739
729
722
726
692
724
715
724
735
727
740
719
713
728
708
726
722
708
717
718
749
707
739
707
714
727
742
682
718
743
714
751
724
725
739
738
708
722
690
708
752
715
734
733
704
741
745
711
706
714
718
733
718
715
729
693
710
720
721
737
732
723
722
710
721
708
710
726
709
693
711
724
729
718
709
