RamSize=1000 start
378
551
527
593
563
585
599
586
611
618
627
623
617
619
638
628
623
639
632
609
618
624
627
649
613
611
614
607
630
610
616
644
632
619
615
657
614
629
605
631
638
606
627
631
603
626
631
617
636
633
618
595
617
622
633
631
619
613
648
659
621
625
621
629
613
627
589
609
622
598
609
618
638
645
638
621
639
638
608
644
598
624
637
600
662
633
602
661
645
623
631
638
625
639
646
633
638
620
601
609
619
614
622
633
605
608
608
634
637
634
626
619
661
636
623
614
643
621
638
642
606
642
623
615
625
636
648
622
613
611
637
626
614
633
666
627
626
606
623
635
628
633
628
645
617
598
607
634
598
608
603
622
648
628
640
642
628
633
633
624
604
611
617
623
625
628
622
607
640
642
639
633
610
624
608
633
621
617
609
644
640
607
640
618
617
626
640
644
616
613
642
637
614
630
592
616
623
646
633
633
627
600
645
636
617
604
606
608
635
656
630
624
632
624
627
590
602
633
611
617
621
604
609
624
622
632
624
627
622
612
641
635
614
644
619
606
619
613
614
638
625
615
618
627
632
640
616
611
616
615
613
631
631
604
627
638
621
617
604
617
627
637
636
606
619
628
611
619
608
636
627
618
619
614
639
633
635
622
640
627
623
637
627
604
625
609
618
620
637
645
641
640
577
635
604
633
635
612
608
624
636
628
613
619
627
610
619
617
619
597
618
639
622
641
629
633
612
604
646
633
604
623
621
606
630
627
604
656
641
589
627
631
629
623
617
623
605
648
602
625
647
631
649
630
657
628
620
638
644
612
622
635
610
637
645
609
617
630
610
620
642
630
631
606
606
644
635
596
610
636
629
628
629
614
604
604
622
615
589
599
618
614
624
640
613
603
620
628
633
594
629
607
611
626
609
622
624
612
633
632
624
641
622
621
627
619
594
633
636
657
636
649
607
624
636
651
644
627
610
627
639
609
609
593
598
612
627
611
620
617
606
632
636
610
622
611
613
646
601
637
628
621
658
648
641
616
645
617
618
648
644
642
639
627
620
602
638
631
628
597
620
626
620
618
625
629
593
623
620
634
592
619
624
616
641
648
639
630
636
631
619
631
634
609
616
612
622
594
628
611
608
618
584
622
634
600
620
633
627
603
------------------
352
484
497
583
557
580
586
572
596
594
608
604
583
609
611
621
608
638
630
611
619
625
627
649
614
610
615
608
628
610
615
645
632
619
614
658
613
630
605
631
637
606
628
631
603
626
631
617
636
632
619
595
617
622
633
631
618
614
647
660
621
625
620
630
613
627
588
609
623
598
609
618
638
645
638
620
640
637
609
644
598
624
637
599
662
634
602
660
646
623
630
638
626
639
645
633
639
620
601
609
619
614
621
633
605
608
608
635
637
634
625
620
661
635
623
614
643
621
639
641
606
642
624
614
625
637
647
623
613
611
637
626
613
633
666
628
626
605
624
635
628
633
628
644
617
599
607
634
598
608
603
622
648
628
640
642
627
633
633
624
604
611
618
623
624
629
622
607
639
642
639
634
610
623
608
634
620
617
609
644
641
606
640
618
618
625
641
643
617
612
642
638
613
630
593
616
623
645
633
633
627
601
644
636
618
603
606
609
634
657
630
623
632
624
627
590
602
634
611
617
620
604
609
625
621
633
624
626
623
612
641
635
614
644
619
606
618
614
614
638
625
615
617
628
632
640
615
611
617
614
614
630
631
604
627
638
622
617
604
617
626
637
637
606
619
628
611
619
608
636
627
618
618
615
639
633
634
623
640
627
622
637
627
604
626
608
618
621
637
644
642
640
577
635
603
634
635
612
607
625
635
628
614
619
627
610
618
618
618
598
617
640
621
642
629
632
612
605
646
633
604
622
621
607
630
626
604
656
642
588
628
631
629
623
617
622
606
648
601
625
647
631
650
630
657
627
621
637
644
612
623
635
609
638
644
610
617
629
610
621
641
631
630
607
605
645
634
597
610
635
629
629
629
613
605
603
623
615
589
599
618
614
624
640
612
603
620
628
634
593
629
607
612
626
608
623
624
611
633
633
624
641
621
621
628
619
593
634
636
657
636
648
608
624
636
651
643
628
609
628
638
609
609
593
598
612
628
610
621
617
606
632
636
610
621
611
614
645
602
637
628
621
658
647
642
616
644
617
619
648
644
641
640
627
620
601
639
631
628
597
620
626
620
617
626
628
593
624
620
634
592
619
624
615
641
649
639
629
637
631
619
631
633
610
615
612
622
595
628
610
609
618
583
623
634
600
620
633
627
RamSize=1000 start
777
930
822
852
830
818
852
871
924
914
865
897
899
828
904
840
797
771
874
903
852
820
863
919
846
851
888
899
856
894
870
914
828
845
921
867
876
859
870
830
967
912
868
914
894
901
883
874
912
923
862
856
909
948
875
880
834
889
891
844
913
803
850
927
878
873
924
860
873
884
874
866
823
901
890
903
849
872
884
936
871
906
925
869
862
859
847
882
889
955
918
872
848
858
890
858
930
923
925
920
919
980
926
879
883
850
880
873
835
819
894
947
897
889
876
897
873
928
919
911
939
878
956
931
899
878
852
910
945
868
865
860
953
956
949
859
916
926
969
932
900
867
878
963
887
957
873
867
873
889
886
934
872
917
856
877
869
829
873
942
913
857
911
876
883
877
841
927
872
875
900
937
875
835
923
921
955
880
874
868
884
956
857
928
853
928
853
927
938
902
862
886
818
837
925
933
860
826
877
941
826
873
875
877
933
921
886
917
882
887
860
892
881
939
911
862
885
916
840
840
824
925
875
878
857
876
912
878
883
935
861
848
816
920
944
828
916
900
836
864
909
870
948
884
952
842
826
850
853
847
868
817
934
923
869
927
838
863
814
857
872
824
855
870
886
890
899
824
850
905
833
877
920
911
952
900
821
862
851
835
832
925
900
914
849
870
880
863
856
839
816
863
882
872
861
899
860
881
876
865
939
912
870
876
851
886
833
926
922
872
844
915
824
862
855
856
872
870
859
872
875
882
875
877
875
857
919
884
888
877
820
877
907
875
870
868
863
923
926
941
930
850
880
902
887
896
825
974
924
953
958
906
872
882
882
870
849
926
937
974
881
858
874
880
922
878
821
861
851
848
847
938
851
917
876
901
932
915
942
893
865
904
877
862
899
877
876
926
876
939
917
830
858
845
870
836
896
944
937
888
925
864
891
886
886
879
904
906
937
924
878
865
920
919
853
851
939
920
907
875
915
867
865
904
885
881
895
954
876
929
885
880
918
927
906
831
853
868
930
819
879
873
848
833
863
866
940
920
930
874
817
939
870
914
877
927
869
910
922
881
875
930
894
869
834
841
881
858
878
885
859
864
895
869
861
867
865
876
881
878
870
882
918
872
864
867
876
838
932
875
923
823
883
845
834
863
905
870
953
929
------------------
881
888
848
876
808
862
933
888
886
872
839
941
862
908
843
900
895
867
933
863
864
867
843
877
859
855
861
848
865
887
889
893
868
864
927
921
879
863
957
918
943
857
863
877
927
839
874
873
866
818
905
884
879
881
877
882
862
859
930
866
822
918
864
836
884
956
936
936
877
924
877
886
840
836
816
826
918
928
886
815
854
868
924
849
888
913
885
915
890
923
874
877
879
918
907
863
877
886
927
837
857
939
950
910
892
915
835
866
870
916
866
831
889
933
886
916
856
854
834
867
879
863
853
871
885
892
863
931
837
859
874
918
834
909
851
935
921
933
888
876
878
851
862
851
890
822
833
865
956
833
870
858
927
927
835
863
865
877
882
852
848
825
876
883
875
905
887
885
870
873
873
851
810
865
849
907
928
862
864
903
877
856
876
826
860
873
966
878
872
855
864
869
898
913
866
921
878
861
882
907
934
923
867
859
881
857
922
848
895
919
854
844
905
923
948
883
869
878
843
871
922
903
894
959
885
893
872
876
840
949
915
925
892
906
969
871
879
876
899
933
883
883
882
876
881
881
912
915
947
863
857
867
845
914
895
887
829
882
887
975
884
879
934
867
871
875
833
841
826
865
884
931
913
865
876
918
873
814
890
885
866
805
942
881
904
840
948
889
922
943
912
939
923
812
882
869
841
854
895
886
882
849
874
879
877
824
825
874
872
814
872
862
877
870
831
823
931
903
859
911
842
877
865
830
881
884
923
881
885
821
854
870
929
849
830
935
900
950
914
884
835
876
816
871
881
866
862
907
906
901
895
868
876
872
832
878
830
880
870
883
875
887
877
887
878
935
852
917
871
926
872
872
924
891
925
850
871
922
885
875
890
817
866
837
871
846
873
877
856
877
847
824
857
880
882
904
942
876
916
857
854
827
891
930
921
907
819
913
921
871
864
894
903
871
827
847
857
873
924
935
830
900
932
872
865
830
881
877
893
863
882
917
898
925
834
893
840
892
884
926
934
869
853
856
857
879
856
882
930
867
877
916
859
881
880
935
924
927
864
874
921
879
874
848
841
840
838
926
931
923
899
915
887
850
879
882
954
917
873
874
869
907
895
906
870
928
938
860
864
948
922
920
860
845
883
925
932
822
849
897
RamSize=1000 start
379
551
527
593
563
584
599
586
611
618
627
623
618
618
638
629
623
639
631
610
617
625
626
649
614
610
614
607
631
609
617
643
633
618
616
656
614
629
605
631
638
606
627
632
603
625
631
618
635
633
618
596
616
622
633
631
620
612
648
660
621
625
621
628
613
627
589
609
622
598
610
618
637
646
638
621
638
638
608
644
598
624
637
600
662
634
601
661
646
622
632
637
626
639
645
633
639
619
601
610
618
614
622
633
605
608
608
635
636
635
626
619
660
636
623
614
643
621
638
642
607
642
622
616
624
636
648
623
613
611
636
626
614
634
665
628
626
606
623
634
629
632
628
646
616
598
607
635
598
608
603
621
648
629
640
641
628
633
634
624
603
611
618
623
624
629
622
607
639
642
639
633
610
624
608
633
622
616
609
645
639
608
640
617
617
627
639
645
615
614
641
638
613
630
592
617
623
646
633
632
627
600
645
636
617
605
605
608
635
657
630
624
631
624
627
591
602
632
612
617
620
605
609
623
622
632
624
627
622
612
642
635
613
645
619
605
619
613
615
637
626
615
617
627
633
640
616
611
616
614
614
630
632
604
626
639
621
616
604
617
627
638
636
605
619
629
610
619
609
636
627
617
619
615
638
633
635
623
640
626
623
637
628
603
625
609
618
620
638
644
641
640
578
635
604
632
636
611
608
624
637
627
613
620
627
609
620
617
618
597
619
638
622
642
628
633
612
605
646
633
603
623
622
605
631
627
604
656
640
589
627
632
628
624
617
622
606
647
602
625
647
631
650
629
657
628
621
638
644
612
622
635
610
636
645
610
616
630
610
620
642
631
631
605
606
645
635
596
610
635
630
627
629
614
605
603
623
614
589
599
618
614
624
640
613
603
620
628
634
593
630
606
612
625
610
621
624
612
634
632
624
641
621
622
626
620
593
634
636
657
635
649
607
624
636
651
644
627
611
626
639
610
609
592
599
612
627
610
621
616
607
631
636
610
622
611
613
647
601
636
629
620
658
649
640
616
646
616
619
648
643
643
638
627
620
602
638
631
628
598
620
626
620
617
625
629
593
623
620
634
592
620
624
615
642
648
638
630
636
631
619
631
634
610
615
612
622
595
628
610
609
618
583
622
635
600
620
632
628
603
------------------
609
609
616
592
623
615
630
636
627
595
609
649
646
623
618
643
652
630
635
633
622
634
644
645
624
631
624
625
618
612
642
611
614
641
626
627
590
634
621
626
605
577
670
610
622
635
622
612
592
621
635
607
613
648
639
625
629
629
635
616
589
614
611
626
612
616
623
604
608
645
648
631
602
628
623
628
627
642
589
674
612
618
633
626
628
611
606
630
660
669
646
639
624
652
631
644
620
618
607
622
613
633
617
623
597
601
648
595
624
601
631
634
628
615
631
629
635
627
615
610
626
635
630
605
637
618
625
603
636
615
628
612
620
613
652
643
615
616
625
603
607
659
628
601
617
630
631
617
623
613
646
617
652
610
635
647
629
629
617
649
616
624
649
639
629
611
611
626
604
628
621
643
607
627
628
621
618
623
665
641
626
614
611
625
625
636
620
648
628
616
599
603
625
609
662
634
619
620
610
620
617
617
617
594
614
634
601
603
648
642
616
627
617
632
603
634
627
619
616
584
615
608
612
631
637
629
624
651
615
603
655
614
632
644
626
609
626
629
632
627
617
615
634
637
604
654
681
626
608
614
607
629
613
637
616
620
578
633
602
631
605
597
602
616
629
616
642
619
614
625
611
611
615
616
619
605
626
610
613
630
603
641
615
598
630
629
610
628
623
632
627
650
619
597
626
626
607
624
671
628
620
605
590
650
624
604
619
609
655
625
633
601
625
601
612
621
653
625
631
610
607
622
619
603
650
622
647
648
662
623
628
641
604
637
617
649
667
624
617
633
640
612
625
626
615
613
638
635
662
622
632
606
604
657
632
638
620
617
607
622
614
617
611
603
610
607
615
639
609
620
604
624
602
636
615
606
642
656
626
631
623
628
614
644
629
636
633
600
610
617
633
617
632
634
617
625
631
621
665
606
627
650
625
614
597
590
621
630
621
633
606
585
646
629
636
618
614
631
597
603
629
634
619
635
638
636
623
628
624
602
631
636
622
593
635
641
608
613
614
621
607
613
614
620
610
612
642
624
635
642
616
603
641
618
607
630
593
628
640
637
614
623
608
603
612
628
638
612
598
614
635
608
634
626
639
619
608
635
632
623
592
620
648
616
611
633
608
632
642
624
645
615
619
615
628
632
618
646
663
619
RamSize=1000 start
379
551
527
593
563
584
599
586
611
618
627
623
618
618
638
629
623
639
631
610
617
625
626
649
614
610
614
607
631
609
617
643
633
618
616
656
614
629
605
631
638
606
627
632
603
625
631
618
635
633
618
596
616
622
633
631
620
612
648
660
621
625
621
628
613
627
589
609
622
598
610
618
637
646
638
621
638
638
608
644
598
624
637
600
662
634
601
661
646
622
632
637
626
639
645
633
639
619
601
610
618
614
622
633
605
608
608
635
636
635
626
619
660
636
623
614
643
621
638
642
607
642
622
616
624
636
648
623
613
611
636
626
614
634
665
628
626
606
623
634
629
632
628
646
616
598
607
635
598
608
603
621
648
629
640
641
628
633
634
624
603
611
618
623
624
629
622
607
639
642
639
633
610
624
608
633
622
616
609
645
639
608
640
617
617
627
639
645
615
614
641
638
613
630
592
617
623
646
633
632
627
600
645
636
617
605
605
608
635
657
630
624
631
624
627
591
602
632
612
617
620
605
609
623
622
632
624
627
622
612
642
635
613
645
619
605
619
613
615
637
626
615
617
627
633
640
616
611
616
614
614
630
632
604
626
639
621
616
604
617
627
638
636
605
619
629
610
619
609
636
627
617
619
615
638
633
635
623
640
626
623
637
628
603
625
609
618
620
638
644
641
640
578
635
604
632
636
611
608
624
637
627
613
620
627
609
620
617
618
597
619
638
622
642
628
633
612
605
646
633
603
623
622
605
631
627
604
656
640
589
627
632
628
624
617
622
606
647
602
625
647
631
650
629
657
628
621
638
644
612
622
635
610
636
645
610
616
630
610
620
642
631
631
605
606
645
635
596
610
635
630
627
629
614
605
603
623
614
589
599
618
614
624
640
613
603
620
628
634
593
630
606
612
625
610
621
624
612
634
632
624
641
621
622
626
620
593
634
636
657
635
649
607
624
636
651
644
627
611
626
639
610
609
592
599
612
627
610
621
616
607
631
636
610
622
611
613
647
601
636
629
620
658
649
640
616
646
616
619
648
643
643
638
627
620
602
638
631
628
598
620
626
620
617
625
629
593
623
620
634
592
620
624
615
642
648
638
630
636
631
619
631
634
610
615
612
622
595
628
610
609
618
583
622
635
600
620
632
628
603
------------------
609
609
616
592
623
615
630
636
627
595
609
649
646
623
618
643
652
630
635
633
622
634
644
645
624
631
624
625
618
612
642
611
614
641
626
627
590
634
621
626
605
577
670
610
622
635
622
612
592
621
635
607
613
648
639
625
629
629
635
616
589
614
611
626
612
616
623
604
608
645
648
631
602
628
623
628
627
642
589
674
612
618
633
626
628
611
606
630
660
669
646
639
624
652
631
644
620
618
607
622
613
633
617
623
597
601
648
595
624
601
631
634
628
615
631
629
635
627
615
610
626
635
630
605
637
618
625
603
636
615
628
612
620
613
652
643
615
616
625
603
607
659
628
601
617
630
631
617
623
613
646
617
652
610
635
647
629
629
617
649
616
624
649
639
629
611
611
626
604
628
621
643
607
627
628
621
618
623
665
641
626
614
611
625
625
636
620
648
628
616
599
603
625
609
662
634
619
620
610
620
617
617
617
594
614
634
601
603
648
642
616
627
617
632
603
634
627
619
616
584
615
608
612
631
637
629
624
651
615
603
655
614
632
644
626
609
626
629
632
627
617
615
634
637
604
654
681
626
608
614
607
629
613
637
616
620
578
633
602
631
605
597
602
616
629
616
642
619
614
625
611
611
615
616
619
605
626
610
613
630
603
641
615
598
630
629
610
628
623
632
627
650
619
597
626
626
607
624
671
628
620
605
590
650
624
604
619
609
655
625
633
601
625
601
612
621
653
625
631
610
607
622
619
603
650
622
647
648
662
623
628
641
604
637
617
649
667
624
617
633
640
612
625
626
615
613
638
635
662
622
632
606
604
657
632
638
620
617
607
622
614
617
611
603
610
607
615
639
609
620
604
624
602
636
615
606
642
656
626
631
623
628
614
644
629
636
633
600
610
617
633
617
632
634
617
625
631
621
665
606
627
650
625
614
597
590
621
630
621
633
606
585
646
629
636
618
614
631
597
603
629
634
619
635
638
636
623
628
624
602
631
636
622
593
635
641
608
613
614
621
607
613
614
620
610
612
642
624
635
642
616
603
641
618
607
630
593
628
640
637
614
623
608
603
612
628
638
612
598
614
635
608
634
626
639
619
608
635
632
623
592
620
648
616
611
633
608
632
642
624
645
615
619
615
628
632
618
646
663
619
RamSize=1000 start
379
551
527
593
563
584
599
586
611
618
627
623
618
618
638
629
623
639
631
610
617
625
626
649
614
610
614
607
631
609
617
643
633
618
616
656
614
629
605
631
638
606
627
632
603
625
631
618
635
633
618
596
616
622
633
631
620
612
648
660
621
625
621
628
613
627
589
609
622
598
610
618
637
646
638
621
638
638
608
644
598
624
637
600
662
634
601
661
646
622
632
637
626
639
645
633
639
619
601
610
618
614
622
633
605
608
608
635
636
635
626
619
660
636
623
614
643
621
638
642
607
642
622
616
624
636
648
623
613
611
636
626
614
634
665
628
626
606
623
634
629
632
628
646
616
598
607
635
598
608
603
621
648
629
640
641
628
633
634
624
603
611
618
623
624
629
622
607
639
642
639
633
610
624
608
633
622
616
609
645
639
608
640
617
617
627
639
645
615
614
641
638
613
630
592
617
623
646
633
632
627
600
645
636
617
605
605
608
635
657
630
624
631
624
627
591
602
632
612
617
620
605
609
623
622
632
624
627
622
612
642
635
613
645
619
605
619
613
615
637
626
615
617
627
633
640
616
611
616
614
614
630
632
604
626
639
621
616
604
617
627
638
636
605
619
629
610
619
609
636
627
617
619
615
638
633
635
623
640
626
623
637
628
603
625
609
618
620
638
644
641
640
578
635
604
632
636
611
608
624
637
627
613
620
627
609
620
617
618
597
619
638
622
642
628
633
612
605
646
633
603
623
622
605
631
627
604
656
640
589
627
632
628
624
617
622
606
647
602
625
647
631
650
629
657
628
621
638
644
612
622
635
610
636
645
610
616
630
610
620
642
631
631
605
606
645
635
596
610
635
630
627
629
614
605
603
623
614
589
599
618
614
624
640
613
603
620
628
634
593
630
606
612
625
610
621
624
612
634
632
624
641
621
622
626
620
593
634
636
657
635
649
607
624
636
651
644
627
611
626
639
610
609
592
599
612
627
610
621
616
607
631
636
610
622
611
613
647
601
636
629
620
658
649
640
616
646
616
619
648
643
643
638
627
620
602
638
631
628
598
620
626
620
617
625
629
593
623
620
634
592
620
624
615
642
648
638
630
636
631
619
631
634
610
615
612
622
595
628
610
609
618
583
622
635
600
620
632
628
603
------------------
609
609
616
592
623
615
630
636
627
595
609
649
646
623
618
643
652
630
635
633
622
634
644
645
624
631
624
625
618
612
642
611
614
641
626
627
590
634
621
626
605
577
670
610
622
635
622
612
592
621
635
607
613
648
639
625
629
629
635
616
589
614
611
626
612
616
623
604
608
645
648
631
602
628
623
628
627
642
589
674
612
618
633
626
628
611
606
630
660
669
646
639
624
652
631
644
620
618
607
622
613
633
617
623
597
601
648
595
624
601
631
634
628
615
631
629
635
627
615
610
626
635
630
605
637
618
625
603
636
615
628
612
620
613
652
643
615
616
625
603
607
659
628
601
617
630
631
617
623
613
646
617
652
610
635
647
629
629
617
649
616
624
649
639
629
611
611
626
604
628
621
643
607
627
628
621
618
623
665
641
626
614
611
625
625
636
620
648
628
616
599
603
625
609
662
634
619
620
610
620
617
617
617
594
614
634
601
603
648
642
616
627
617
632
603
634
627
619
616
584
615
608
612
631
637
629
624
651
615
603
655
614
632
644
626
609
626
629
632
627
617
615
634
637
604
654
681
626
608
614
607
629
613
637
616
620
578
633
602
631
605
597
602
616
629
616
642
619
614
625
611
611
615
616
619
605
626
610
613
630
603
641
615
598
630
629
610
628
623
632
627
650
619
597
626
626
607
624
671
628
620
605
590
650
624
604
619
609
655
625
633
601
625
601
612
621
653
625
631
610
607
622
619
603
650
622
647
648
662
623
628
641
604
637
617
649
667
624
617
633
640
612
625
626
615
613
638
635
662
622
632
606
604
657
632
638
620
617
607
622
614
617
611
603
610
607
615
639
609
620
604
624
602
636
615
606
642
656
626
631
623
628
614
644
629
636
633
600
610
617
633
617
632
634
617
625
631
621
665
606
627
650
625
614
597
590
621
630
621
633
606
585
646
629
636
618
614
631
597
603
629
634
619
635
638
636
623
628
624
602
631
636
622
593
635
641
608
613
614
621
607
613
614
620
610
612
642
624
635
642
616
603
641
618
607
630
593
628
640
637
614
623
608
603
612
628
638
612
598
614
635
608
634
626
639
619
608
635
632
623
592
620
648
616
611
633
608
632
642
624
645
615
619
615
628
632
618
646
663
619
RamSize=1000 start
777
930
822
852
830
818
852
871
924
914
865
897
899
828
904
840
797
771
874
903
852
820
863
919
846
851
888
899
856
894
870
914
828
845
921
867
876
859
870
830
967
912
868
914
894
901
883
874
912
923
862
856
909
948
875
880
834
889
891
844
913
803
850
927
878
873
924
860
873
884
874
866
823
901
890
903
849
872
884
936
871
906
925
869
862
859
847
882
889
955
918
872
848
858
890
858
930
923
925
920
919
980
926
879
883
850
880
873
835
819
894
947
897
889
876
897
873
928
919
911
939
878
956
931
899
878
852
910
945
868
865
860
953
956
949
859
916
926
969
932
900
867
878
963
887
957
873
867
873
889
886
934
872
917
856
877
869
829
873
942
913
857
911
876
883
877
841
927
872
875
900
937
875
835
923
921
955
880
874
868
884
956
857
928
853
928
853
927
938
902
862
886
818
837
925
933
860
826
877
941
826
873
875
877
933
921
886
917
882
887
860
892
881
939
911
862
885
916
840
840
824
925
875
878
857
876
912
878
883
935
861
848
816
920
944
828
916
900
836
864
909
870
948
884
952
842
826
850
853
847
868
817
934
923
869
927
838
863
814
857
872
824
855
870
886
890
899
824
850
905
833
877
920
911
952
900
821
862
851
835
832
925
900
914
849
870
880
863
856
839
816
863
882
872
861
899
860
881
876
865
939
912
870
876
851
886
833
926
922
872
844
915
824
862
855
856
872
870
859
872
875
882
875
877
875
857
919
884
888
877
820
877
907
875
870
868
863
923
926
941
930
850
880
902
887
896
825
974
924
953
958
906
872
882
882
870
849
926
937
974
881
858
874
880
922
878
821
861
851
848
847
938
851
917
876
901
932
915
942
893
865
904
877
862
899
877
876
926
876
939
917
830
858
845
870
836
896
944
937
888
925
864
891
886
886
879
904
906
937
924
878
865
920
919
853
851
939
920
907
875
915
867
865
904
885
881
895
954
876
929
885
880
918
927
906
831
853
868
930
819
879
873
848
833
863
866
940
920
930
874
817
939
870
914
877
927
869
910
922
881
875
930
894
869
834
841
881
858
878
885
859
864
895
869
861
867
865
876
881
878
870
882
918
872
864
867
876
838
932
875
923
823
883
845
834
863
905
870
953
929
------------------
881
888
848
876
808
862
933
888
886
872
839
941
862
908
843
900
895
867
933
863
864
867
843
877
859
855
861
848
865
887
889
893
868
864
927
921
879
863
957
918
943
857
863
877
927
839
874
873
866
818
905
884
879
881
877
882
862
859
930
866
822
918
864
836
884
956
936
936
877
924
877
886
840
836
816
826
918
928
886
815
854
868
924
849
888
913
885
915
890
923
874
877
879
918
907
863
877
886
927
837
857
939
950
910
892
915
835
866
870
916
866
831
889
933
886
916
856
854
834
867
879
863
853
871
885
892
863
931
837
859
874
918
834
909
851
935
921
933
888
876
878
851
862
851
890
822
833
865
956
833
870
858
927
927
835
863
865
877
882
852
848
825
876
883
875
905
887
885
870
873
873
851
810
865
849
907
928
862
864
903
877
856
876
826
860
873
966
878
872
855
864
869
898
913
866
921
878
861
882
907
934
923
867
859
881
857
922
848
895
919
854
844
905
923
948
883
869
878
843
871
922
903
894
959
885
893
872
876
840
949
915
925
892
906
969
871
879
876
899
933
883
883
882
876
881
881
912
915
947
863
857
867
845
914
895
887
829
882
887
975
884
879
934
867
871
875
833
841
826
865
884
931
913
865
876
918
873
814
890
885
866
805
942
881
904
840
948
889
922
943
912
939
923
812
882
869
841
854
895
886
882
849
874
879
877
824
825
874
872
814
872
862
877
870
831
823
931
903
859
911
842
877
865
830
881
884
923
881
885
821
854
870
929
849
830
935
900
950
914
884
835
876
816
871
881
866
862
907
906
901
895
868
876
872
832
878
830
880
870
883
875
887
877
887
878
935
852
917
871
926
872
872
924
891
925
850
871
922
885
875
890
817
866
837
871
846
873
877
856
877
847
824
857
880
882
904
942
876
916
857
854
827
891
930
921
907
819
913
921
871
864
894
903
871
827
847
857
873
924
935
830
900
932
872
865
830
881
877
893
863
882
917
898
925
834
893
840
892
884
926
934
869
853
856
857
879
856
882
930
867
877
916
859
881
880
935
924
927
864
874
921
879
874
848
841
840
838
926
931
923
899
915
887
850
879
882
954
917
873
874
869
907
895
906
870
928
938
860
864
948
922
920
860
845
883
925
932
822
849
897
