RamSize=1000 start
378
551
527
593
561
579
600
579
610
611
617
607
604
592
619
610
610
620
621
616
634
631
633
644
612
605
616
623
636
615
641
645
636
632
646
644
618
640
608
632
637
619
632
659
638
652
656
635
666
638
642
603
633
625
658
669
652
619
683
675
632
647
634
642
636
632
607
644
663
635
627
646
665
660
649
634
660
649
636
653
622
640
650
620
668
663
641
676
671
634
654
651
655
657
673
661
668
644
647
642
649
665
650
650
626
652
632
658
664
645
647
662
683
673
641
651
656
652
642
676
621
669
638
630
647
671
665
655
654
640
665
651
648
643
687
657
649
634
648
653
657
651
651
658
646
648
634
657
620
633
632
657
668
659
681
688
668
670
670
637
648
650
656
662
667
656
650
632
670
678
674
665
653
650
630
642
647
654
636
675
663
643
673
656
632
658
659
664
658
626
677
670
656
668
616
655
663
667
662
656
654
642
669
654
652
634
643
630
662
673
667
664
664
655
658
614
644
658
637
648
663
644
651
665
674
665
648
669
652
647
661
673
648
670
638
641
651
657
655
667
661
658
663
668
654
676
653
651
638
650
642
660
669
633
643
664
660
663
650
663
650
668
668
645
663
661
649
648
645
662
665
642
646
634
668
673
664
652
662
672
658
674
651
649
653
653
654
657
667
664
658
660
606
659
644
675
671
657
657
665
662
651
656
644
658
625
642
654
647
643
664
671
653
671
671
671
655
637
665
653
656
677
653
639
658
656
652
690
673
629
658
656
650
642
645
678
636
673
634
659
671
662
690
671
682
665
658
663
680
658
658
673
645
656
673
639
663
671
642
641
675
664
664
637
637
679
683
642
632
680
679
649
654
654
626
650
634
649
653
637
658
640
669
685
654
638
648
673
658
632
654
632
642
662
648
656
666
649
657
670
671
671
663
643
643
659
627
663
677
682
668
676
644
647
670
668
671
649
646
651
679
626
652
633
639
653
671
647
661
643
643
664
675
643
644
652
653
682
645
671
669
650
688
671
675
655
665
647
660
665
685
684
671
668
667
628
667
648
668
630
637
659
657
652
652
681
626
668
659
654
652
667
666
656
675
675
668
661
654
651
643
655
642
643
649
656
651
629
656
657
639
635
617
663
678
652
662
661
664
649
------------------
326
413
433
520
495
519
536
535
574
565
565
581
571
568
584
580
570
588
586
590
595
613
598
632
593
594
590
598
615
597
615
630
626
611
619
627
607
620
602
619
628
609
623
642
618
628
644
623
646
618
630
588
617
618
639
654
626
612
667
662
622
624
624
634
628
627
596
631
653
629
615
635
660
653
645
622
649
637
626
648
615
635
639
616
660
656
635
671
661
629
651
645
644
651
665
655
661
636
640
630
641
660
647
641
620
645
629
656
654
643
638
659
679
663
637
640
650
651
640
673
619
661
646
618
645
668
661
655
648
636
660
653
643
642
685
649
645
632
643
645
656
642
655
651
638
639
630
657
622
630
634
652
662
649
671
682
662
662
663
634
637
650
657
657
663
652
646
629
665
668
668
664
646
650
626
643
645
650
635
676
663
641
673
655
629
652
659
660
653
618
676
663
652
665
614
649
667
666
660
652
652
637
671
657
655
634
638
625
662
673
664
660
660
652
657
613
635
662
633
646
662
643
646
662
676
663
648
667
652
643
661
671
649
667
637
639
644
656
652
667
664
651
659
664
651
674
652
643
639
651
642
659
663
630
641
664
655
657
648
661
651
665
669
643
657
657
648
646
644
660
658
639
646
637
667
670
663
651
659
667
654
673
652
643
645
651
651
657
664
659
663
661
605
661
644
668
667
656
652
665
661
651
654
642
659
625
641
655
645
644
661
667
653
671
670
669
655
637
666
652
654
669
652
638
655
657
651
691
672
626
660
654
651
643
641
675
639
674
630
658
672
664
693
673
683
659
659
658
678
658
663
675
644
656
668
639
663
669
639
638
673
664
664
635
634
673
680
643
633
677
678
651
658
656
627
647
633
651
649
635
654
640
665
685
652
634
647
674
655
631
651
635
643
658
647
657
666
643
658
670
667
670
663
641
646
664
626
665
678
683
668
676
646
643
668
668
669
653
648
652
679
626
652
634
637
650
670
645
662
645
642
665
673
640
647
651
654
683
648
668
670
649
686
669
678
655
661
647
661
662
682
684
673
668
665
622
668
647
665
629
638
661
656
650
652
679
628
669
658
655
649
666
666
654
672
678
666
660
653
650
640
651
640
642
646
656
647
628
653
658
640
632
621
665
676
652
660
657
664
RamSize=1000 start
777
930
822
852
830
818
852
871
924
914
865
897
898
828
902
866
822
800
868
887
856
832
872
924
848
856
881
904
840
894
871
917
867
861
922
877
879
867
873
853
971
912
885
923
895
903
877
879
867
871
880
878
902
884
877
880
846
896
894
876
919
846
861
923
882
872
925
868
869
896
877
867
862
905
895
926
879
867
875
934
876
900
912
881
874
875
860
902
897
957
923
872
879
901
916
863
932
933
928
928
884
899
927
876
890
874
884
875
858
842
897
947
889
897
882
900
880
924
919
901
941
878
880
928
890
877
886
903
954
871
874
871
953
954
910
865
911
933
967
929
892
892
875
964
890
957
874
869
872
872
874
929
870
915
859
876
866
841
862
874
917
885
915
867
876
868
863
929
867
870
907
932
868
841
924
915
949
897
880
865
872
957
881
926
859
925
862
924
893
905
865
915
849
862
935
931
871
844
878
941
831
870
864
859
933
914
886
914
883
895
874
849
875
935
904
873
884
913
851
835
829
925
869
866
847
867
902
881
877
932
853
850
827
922
938
837
911
827
839
858
902
862
845
871
953
842
852
872
836
870
860
853
937
920
868
925
834
863
835
857
867
832
899
869
889
897
903
828
852
908
833
869
866
911
947
902
828
858
863
847
832
891
884
854
854
868
849
861
854
830
823
862
926
860
819
883
883
879
862
860
932
912
871
862
835
872
813
920
917
863
830
916
823
839
824
861
875
873
868
921
872
874
868
873
866
865
925
884
878
867
847
890
899
883
876
879
870
921
926
937
891
885
918
887
891
901
850
976
927
951
941
911
863
873
876
870
856
926
937
975
878
854
875
889
928
878
836
864
865
862
881
935
865
924
855
897
934
909
950
893
895
898
868
869
912
906
878
927
878
942
926
855
881
881
873
852
892
941
938
884
926
891
896
893
876
873
903
909
931
927
876
890
908
912
883
866
938
919
910
874
918
873
874
918
875
876
894
956
884
932
892
910
932
886
895
847
868
866
928
846
877
877
865
845
860
861
943
921
867
866
840
940
878
925
865
875
889
929
915
884
876
927
884
866
867
845
880
869
875
919
870
879
914
919
875
856
867
869
876
873
874
918
921
870
879
866
873
868
930
870
919
850
890
865
874
867
911
883
956
932
------------------
881
881
878
880
834
871
930
881
878
846
904
891
936
919
883
901
907
879
903
876
867
873
867
878
862
866
898
862
863
937
901
902
884
873
924
920
877
877
958
911
950
882
859
874
925
861
870
871
860
837
910
881
875
860
880
881
872
882
925
877
847
919
875
864
865
964
939
935
882
926
874
872
888
864
848
858
917
877
874
832
858
870
927
849
890
909
890
913
883
919
866
869
871
910
901
865
869
885
928
869
872
937
872
904
892
910
849
864
890
917
876
861
889
933
877
914
882
892
864
872
888
877
895
888
931
896
882
931
856
870
869
899
853
883
887
936
918
921
885
875
875
885
869
877
906
886
869
870
939
889
871
875
925
926
838
868
871
876
882
891
863
859
867
878
872
894
888
876
874
915
868
870
865
897
884
910
907
864
886
907
884
859
887
890
876
882
878
888
872
865
874
876
907
907
873
922
875
869
897
912
922
920
872
864
871
876
928
863
912
913
880
867
877
899
904
883
880
887
856
923
931
909
891
952
888
935
876
869
863
947
908
924
889
897
971
875
872
871
886
930
880
881
871
873
868
868
913
919
952
884
870
874
866
916
884
873
841
876
884
976
882
878
929
865
879
865
862
847
841
866
915
956
912
866
886
923
870
844
853
863
861
829
940
889
913
852
830
887
920
945
911
944
924
825
881
865
853
855
889
893
879
934
880
869
947
842
837
869
877
855
875
857
898
871
845
833
898
893
874
880
860
875
871
869
884
880
922
873
878
887
881
882
918
860
861
936
904
900
911
894
866
883
859
869
876
870
879
898
905
904
895
877
864
870
856
866
849
873
866
879
877
882
862
881
923
942
875
917
877
928
874
872
921
890
924
881
881
929
879
872
888
852
882
854
876
871
874
878
866
876
858
843
864
885
900
898
907
928
903
856
889
859
916
915
939
925
843
925
925
882
869
908
905
861
863
922
882
872
926
927
846
914
934
867
878
855
872
873
873
865
878
929
882
926
857
938
885
917
903
932
934
873
856
885
901
875
865
861
896
895
869
928
867
877
872
933
925
924
864
881
922
882
880
858
858
833
865
929
928
922
900
915
878
868
877
868
882
911
880
883
882
901
900
913
876
927
941
869
880
950
920
916
861
860
878
926
935
837
855
910
RamSize=1000 start
379
551
527
593
561
578
600
579
611
610
617
607
605
591
619
611
610
619
621
617
633
631
633
644
613
604
616
623
637
614
642
644
637
631
647
643
618
640
608
632
637
619
632
659
639
651
656
636
665
638
642
604
632
625
658
669
653
618
683
676
632
646
635
641
636
632
607
644
663
635
628
646
664
661
648
635
659
649
636
653
622
640
650
620
668
664
640
676
672
633
655
650
656
656
673
661
668
644
647
643
648
665
650
650
626
652
632
659
663
646
646
663
682
673
641
652
655
652
642
676
622
669
637
631
646
671
665
656
653
641
664
651
648
644
686
658
648
635
648
652
658
650
651
658
646
648
634
658
619
634
632
656
668
660
681
687
668
670
671
637
647
650
656
663
666
657
650
632
669
678
674
666
652
650
630
642
648
653
636
676
662
644
673
655
632
659
658
665
657
627
676
671
655
668
616
656
663
667
662
655
654
642
669
654
652
635
642
630
662
674
666
665
663
655
658
615
644
657
638
648
662
645
651
664
674
665
648
669
652
647
662
672
648
671
637
641
651
657
656
666
662
658
662
668
655
675
654
651
638
649
643
659
670
632
643
665
660
662
650
663
650
669
668
644
663
662
648
648
646
662
665
641
646
635
667
673
664
653
662
671
658
674
652
648
653
653
654
657
668
663
658
660
607
658
644
675
672
656
657
665
663
650
656
645
658
624
643
654
647
642
665
670
653
672
670
671
655
638
665
653
655
677
654
638
659
655
652
691
672
629
658
656
650
643
645
677
637
672
634
659
671
662
691
670
683
664
659
663
680
658
658
673
645
655
673
640
662
671
642
641
675
665
664
636
637
679
684
642
632
679
680
648
654
654
627
649
635
648
653
637
658
640
669
685
654
638
648
673
659
632
654
631
643
661
648
656
666
649
658
670
671
670
663
644
642
660
626
663
677
683
667
676
644
647
670
668
671
649
647
650
679
627
652
632
640
653
671
646
662
642
644
663
675
643
644
652
653
683
644
671
670
650
687
671
675
655
666
646
661
665
684
684
671
668
667
628
667
648
669
630
637
659
657
651
652
681
626
668
659
654
652
668
666
655
676
675
667
661
654
651
643
655
642
643
649
656
651
630
655
657
639
636
616
663
679
652
662
660
664
650
------------------
656
653
653
634
653
639
679
660
674
649
646
685
697
666
661
669
689
654
664
666
658
668
670
664
651
666
649
679
656
655
677
661
640
657
653
659
610
663
654
670
627
625
688
650
651
667
651
662
623
651
662
633
642
676
655
659
671
683
665
657
643
639
636
666
663
648
660
639
653
672
671
665
651
656
668
659
677
676
622
691
645
652
652
674
664
641
643
660
683
703
682
663
655
684
651
690
662
641
633
660
645
657
644
647
633
640
677
630
654
652
663
663
654
653
670
673
665
651
634
656
667
663
672
644
667
645
640
669
660
627
666
652
663
646
671
677
655
632
645
642
643
684
668
636
633
661
672
649
649
656
664
654
688
649
688
676
675
664
653
681
660
658
659
674
658
648
640
676
648
672
658
672
646
674
651
665
657
668
704
686
659
653
637
666
666
661
670
682
666
643
643
644
657
645
702
665
640
653
651
666
662
653
645
633
646
667
662
631
676
673
641
659
650
670
632
664
658
673
649
615
661
643
647
670
676
660
659
679
657
655
686
662
678
677
653
642
652
678
672
665
654
655
670
665
642
687
704
639
628
650
645
662
661
687
657
669
624
668
629
655
649
650
637
654
667
651
663
664
650
668
665
649
639
657
654
638
669
647
650
660
644
674
665
639
656
646
648
677
656
657
656
673
654
641
666
659
657
663
687
661
651
642
633
677
649
644
641
639
690
661
670
650
652
651
652
656
686
662
669
636
654
657
650
649
678
646
679
684
686
652
671
679
636
671
651
668
685
657
664
662
679
652
667
673
644
667
678
660
683
655
661
637
634
676
670
670
636
642
645
659
648
644
636
642
648
657
647
688
644
646
643
654
632
659
655
644
661
688
669
665
654
672
638
662
659
667
675
660
634
654
664
651
688
676
654
649
674
659
693
642
656
697
662
647
630
636
655
661
648
651
639
630
686
668
670
660
645
655
632
632
671
667
657
660
683
668
647
644
654
632
661
667
666
622
669
662
646
645
637
653
660
651
641
652
660
644
682
659
670
665
649
647
672
653
649
663
631
651
672
673
653
659
642
644
644
667
655
649
638
653
654
662
663
647
666
650
650
667
677
649
650
663
671
672
658
666
659
678
660
646
663
638
666
644
656
678
668
672
687
654
RamSize=1000 start
379
551
527
593
561
578
600
579
611
610
617
607
605
591
619
611
610
619
621
617
633
631
633
644
613
604
616
623
637
614
642
644
637
631
647
643
618
640
608
632
637
619
632
659
639
651
656
636
665
638
642
604
632
625
658
669
653
618
683
676
632
646
635
641
636
632
607
644
663
635
628
646
664
661
648
635
659
649
636
653
622
640
650
620
668
664
640
676
672
633
655
650
656
656
673
661
668
644
647
643
648
665
650
650
626
652
632
659
663
646
646
663
682
673
641
652
655
652
642
676
622
669
637
631
646
671
665
656
653
641
664
651
648
644
686
658
648
635
648
652
658
650
651
658
646
648
634
658
619
634
632
656
668
660
681
687
668
670
671
637
647
650
656
663
666
657
650
632
669
678
674
666
652
650
630
642
648
653
636
676
662
644
673
655
632
659
658
665
657
627
676
671
655
668
616
656
663
667
662
655
654
642
669
654
652
635
642
630
662
674
666
665
663
655
658
615
644
657
638
648
662
645
651
664
674
665
648
669
652
647
662
672
648
671
637
641
651
657
656
666
662
658
662
668
655
675
654
651
638
649
643
659
670
632
643
665
660
662
650
663
650
669
668
644
663
662
648
648
646
662
665
641
646
635
667
673
664
653
662
671
658
674
652
648
653
653
654
657
668
663
658
660
607
658
644
675
672
656
657
665
663
650
656
645
658
624
643
654
647
642
665
670
653
672
670
671
655
638
665
653
655
677
654
638
659
655
652
691
672
629
658
656
650
643
645
677
637
672
634
659
671
662
691
670
683
664
659
663
680
658
658
673
645
655
673
640
662
671
642
641
675
665
664
636
637
679
684
642
632
679
680
648
654
654
627
649
635
648
653
637
658
640
669
685
654
638
648
673
659
632
654
631
643
661
648
656
666
649
658
670
671
670
663
644
642
660
626
663
677
683
667
676
644
647
670
668
671
649
647
650
679
627
652
632
640
653
671
646
662
642
644
663
675
643
644
652
653
683
644
671
670
650
687
671
675
655
666
646
661
665
684
684
671
668
667
628
667
648
669
630
637
659
657
651
652
681
626
668
659
654
652
668
666
655
676
675
667
661
654
651
643
655
642
643
649
656
651
630
655
657
639
636
616
663
679
652
662
660
664
650
------------------
656
653
653
634
653
639
679
660
674
649
646
685
697
666
661
669
689
654
664
666
658
668
670
664
651
666
649
679
656
655
677
661
640
657
653
659
610
663
654
670
627
625
688
650
651
667
651
662
623
651
662
633
642
676
655
659
671
683
665
657
643
639
636
666
663
648
660
639
653
672
671
665
651
656
668
659
677
676
622
691
645
652
652
674
664
641
643
660
683
703
682
663
655
684
651
690
662
641
633
660
645
657
644
647
633
640
677
630
654
652
663
663
654
653
670
673
665
651
634
656
667
663
672
644
667
645
640
669
660
627
666
652
663
646
671
677
655
632
645
642
643
684
668
636
633
661
672
649
649
656
664
654
688
649
688
676
675
664
653
681
660
658
659
674
658
648
640
676
648
672
658
672
646
674
651
665
657
668
704
686
659
653
637
666
666
661
670
682
666
643
643
644
657
645
702
665
640
653
651
666
662
653
645
633
646
667
662
631
676
673
641
659
650
670
632
664
658
673
649
615
661
643
647
670
676
660
659
679
657
655
686
662
678
677
653
642
652
678
672
665
654
655
670
665
642
687
704
639
628
650
645
662
661
687
657
669
624
668
629
655
649
650
637
654
667
651
663
664
650
668
665
649
639
657
654
638
669
647
650
660
644
674
665
639
656
646
648
677
656
657
656
673
654
641
666
659
657
663
687
661
651
642
633
677
649
644
641
639
690
661
670
650
652
651
652
656
686
662
669
636
654
657
650
649
678
646
679
684
686
652
671
679
636
671
651
668
685
657
664
662
679
652
667
673
644
667
678
660
683
655
661
637
634
676
670
670
636
642
645
659
648
644
636
642
648
657
647
688
644
646
643
654
632
659
655
644
661
688
669
665
654
672
638
662
659
667
675
660
634
654
664
651
688
676
654
649
674
659
693
642
656
697
662
647
630
636
655
661
648
651
639
630
686
668
670
660
645
655
632
632
671
667
657
660
683
668
647
644
654
632
661
667
666
622
669
662
646
645
637
653
660
651
641
652
660
644
682
659
670
665
649
647
672
653
649
663
631
651
672
673
653
659
642
644
644
667
655
649
638
653
654
662
663
647
666
650
650
667
677
649
650
663
671
672
658
666
659
678
660
646
663
638
666
644
656
678
668
672
687
654
RamSize=1000 start
379
551
527
593
561
578
600
579
611
610
617
607
605
591
619
611
610
619
621
617
633
631
633
644
613
604
616
623
637
614
642
644
637
631
647
643
618
640
608
632
637
619
632
659
639
651
656
636
665
638
642
604
632
625
658
669
653
618
683
676
632
646
635
641
636
632
607
644
663
635
628
646
664
661
648
635
659
649
636
653
622
640
650
620
668
664
640
676
672
633
655
650
656
656
673
661
668
644
647
643
648
665
650
650
626
652
632
659
663
646
646
663
682
673
641
652
655
652
642
676
622
669
637
631
646
671
665
656
653
641
664
651
648
644
686
658
648
635
648
652
658
650
651
658
646
648
634
658
619
634
632
656
668
660
681
687
668
670
671
637
647
650
656
663
666
657
650
632
669
678
674
666
652
650
630
642
648
653
636
676
662
644
673
655
632
659
658
665
657
627
676
671
655
668
616
656
663
667
662
655
654
642
669
654
652
635
642
630
662
674
666
665
663
655
658
615
644
657
638
648
662
645
651
664
674
665
648
669
652
647
662
672
648
671
637
641
651
657
656
666
662
658
662
668
655
675
654
651
638
649
643
659
670
632
643
665
660
662
650
663
650
669
668
644
663
662
648
648
646
662
665
641
646
635
667
673
664
653
662
671
658
674
652
648
653
653
654
657
668
663
658
660
607
658
644
675
672
656
657
665
663
650
656
645
658
624
643
654
647
642
665
670
653
672
670
671
655
638
665
653
655
677
654
638
659
655
652
691
672
629
658
656
650
643
645
677
637
672
634
659
671
662
691
670
683
664
659
663
680
658
658
673
645
655
673
640
662
671
642
641
675
665
664
636
637
679
684
642
632
679
680
648
654
654
627
649
635
648
653
637
658
640
669
685
654
638
648
673
659
632
654
631
643
661
648
656
666
649
658
670
671
670
663
644
642
660
626
663
677
683
667
676
644
647
670
668
671
649
647
650
679
627
652
632
640
653
671
646
662
642
644
663
675
643
644
652
653
683
644
671
670
650
687
671
675
655
666
646
661
665
684
684
671
668
667
628
667
648
669
630
637
659
657
651
652
681
626
668
659
654
652
668
666
655
676
675
667
661
654
651
643
655
642
643
649
656
651
630
655
657
639
636
616
663
679
652
662
660
664
650
------------------
656
653
653
634
653
639
679
660
674
649
646
685
697
666
661
669
689
654
664
666
658
668
670
664
651
666
649
679
656
655
677
661
640
657
653
659
610
663
654
670
627
625
688
650
651
667
651
662
623
651
662
633
642
676
655
659
671
683
665
657
643
639
636
666
663
648
660
639
653
672
671
665
651
656
668
659
677
676
622
691
645
652
652
674
664
641
643
660
683
703
682
663
655
684
651
690
662
641
633
660
645
657
644
647
633
640
677
630
654
652
663
663
654
653
670
673
665
651
634
656
667
663
672
644
667
645
640
669
660
627
666
652
663
646
671
677
655
632
645
642
643
684
668
636
633
661
672
649
649
656
664
654
688
649
688
676
675
664
653
681
660
658
659
674
658
648
640
676
648
672
658
672
646
674
651
665
657
668
704
686
659
653
637
666
666
661
670
682
666
643
643
644
657
645
702
665
640
653
651
666
662
653
645
633
646
667
662
631
676
673
641
659
650
670
632
664
658
673
649
615
661
643
647
670
676
660
659
679
657
655
686
662
678
677
653
642
652
678
672
665
654
655
670
665
642
687
704
639
628
650
645
662
661
687
657
669
624
668
629
655
649
650
637
654
667
651
663
664
650
668
665
649
639
657
654
638
669
647
650
660
644
674
665
639
656
646
648
677
656
657
656
673
654
641
666
659
657
663
687
661
651
642
633
677
649
644
641
639
690
661
670
650
652
651
652
656
686
662
669
636
654
657
650
649
678
646
679
684
686
652
671
679
636
671
651
668
685
657
664
662
679
652
667
673
644
667
678
660
683
655
661
637
634
676
670
670
636
642
645
659
648
644
636
642
648
657
647
688
644
646
643
654
632
659
655
644
661
688
669
665
654
672
638
662
659
667
675
660
634
654
664
651
688
676
654
649
674
659
693
642
656
697
662
647
630
636
655
661
648
651
639
630
686
668
670
660
645
655
632
632
671
667
657
660
683
668
647
644
654
632
661
667
666
622
669
662
646
645
637
653
660
651
641
652
660
644
682
659
670
665
649
647
672
653
649
663
631
651
672
673
653
659
642
644
644
667
655
649
638
653
654
662
663
647
666
650
650
667
677
649
650
663
671
672
658
666
659
678
660
646
663
638
666
644
656
678
668
672
687
654
RamSize=1000 start
777
930
822
852
830
818
852
871
924
914
865
897
898
828
902
866
822
800
868
887
856
832
872
924
848
856
881
904
840
894
871
917
867
861
922
877
879
867
873
853
971
912
885
923
895
903
877
879
867
871
880
878
902
884
877
880
846
896
894
876
919
846
861
923
882
872
925
868
869
896
877
867
862
905
895
926
879
867
875
934
876
900
912
881
874
875
860
902
897
957
923
872
879
901
916
863
932
933
928
928
884
899
927
876
890
874
884
875
858
842
897
947
889
897
882
900
880
924
919
901
941
878
880
928
890
877
886
903
954
871
874
871
953
954
910
865
911
933
967
929
892
892
875
964
890
957
874
869
872
872
874
929
870
915
859
876
866
841
862
874
917
885
915
867
876
868
863
929
867
870
907
932
868
841
924
915
949
897
880
865
872
957
881
926
859
925
862
924
893
905
865
915
849
862
935
931
871
844
878
941
831
870
864
859
933
914
886
914
883
895
874
849
875
935
904
873
884
913
851
835
829
925
869
866
847
867
902
881
877
932
853
850
827
922
938
837
911
827
839
858
902
862
845
871
953
842
852
872
836
870
860
853
937
920
868
925
834
863
835
857
867
832
899
869
889
897
903
828
852
908
833
869
866
911
947
902
828
858
863
847
832
891
884
854
854
868
849
861
854
830
823
862
926
860
819
883
883
879
862
860
932
912
871
862
835
872
813
920
917
863
830
916
823
839
824
861
875
873
868
921
872
874
868
873
866
865
925
884
878
867
847
890
899
883
876
879
870
921
926
937
891
885
918
887
891
901
850
976
927
951
941
911
863
873
876
870
856
926
937
975
878
854
875
889
928
878
836
864
865
862
881
935
865
924
855
897
934
909
950
893
895
898
868
869
912
906
878
927
878
942
926
855
881
881
873
852
892
941
938
884
926
891
896
893
876
873
903
909
931
927
876
890
908
912
883
866
938
919
910
874
918
873
874
918
875
876
894
956
884
932
892
910
932
886
895
847
868
866
928
846
877
877
865
845
860
861
943
921
867
866
840
940
878
925
865
875
889
929
915
884
876
927
884
866
867
845
880
869
875
919
870
879
914
919
875
856
867
869
876
873
874
918
921
870
879
866
873
868
930
870
919
850
890
865
874
867
911
883
956
932
------------------
881
881
878
880
834
871
930
881
878
846
904
891
936
919
883
901
907
879
903
876
867
873
867
878
862
866
898
862
863
937
901
902
884
873
924
920
877
877
958
911
950
882
859
874
925
861
870
871
860
837
910
881
875
860
880
881
872
882
925
877
847
919
875
864
865
964
939
935
882
926
874
872
888
864
848
858
917
877
874
832
858
870
927
849
890
909
890
913
883
919
866
869
871
910
901
865
869
885
928
869
872
937
872
904
892
910
849
864
890
917
876
861
889
933
877
914
882
892
864
872
888
877
895
888
931
896
882
931
856
870
869
899
853
883
887
936
918
921
885
875
875
885
869
877
906
886
869
870
939
889
871
875
925
926
838
868
871
876
882
891
863
859
867
878
872
894
888
876
874
915
868
870
865
897
884
910
907
864
886
907
884
859
887
890
876
882
878
888
872
865
874
876
907
907
873
922
875
869
897
912
922
920
872
864
871
876
928
863
912
913
880
867
877
899
904
883
880
887
856
923
931
909
891
952
888
935
876
869
863
947
908
924
889
897
971
875
872
871
886
930
880
881
871
873
868
868
913
919
952
884
870
874
866
916
884
873
841
876
884
976
882
878
929
865
879
865
862
847
841
866
915
956
912
866
886
923
870
844
853
863
861
829
940
889
913
852
830
887
920
945
911
944
924
825
881
865
853
855
889
893
879
934
880
869
947
842
837
869
877
855
875
857
898
871
845
833
898
893
874
880
860
875
871
869
884
880
922
873
878
887
881
882
918
860
861
936
904
900
911
894
866
883
859
869
876
870
879
898
905
904
895
877
864
870
856
866
849
873
866
879
877
882
862
881
923
942
875
917
877
928
874
872
921
890
924
881
881
929
879
872
888
852
882
854
876
871
874
878
866
876
858
843
864
885
900
898
907
928
903
856
889
859
916
915
939
925
843
925
925
882
869
908
905
861
863
922
882
872
926
927
846
914
934
867
878
855
872
873
873
865
878
929
882
926
857
938
885
917
903
932
934
873
856
885
901
875
865
861
896
895
869
928
867
877
872
933
925
924
864
881
922
882
880
858
858
833
865
929
928
922
900
915
878
868
877
868
882
911
880
883
882
901
900
913
876
927
941
869
880
950
920
916
861
860
878
926
935
837
855
910
RamSize=1000 start
379
551
527
593
561
578
600
579
611
610
617
607
605
591
619
611
610
619
621
617
633
631
633
644
613
604
616
623
637
614
642
644
637
631
647
643
618
640
608
632
637
619
632
659
639
651
656
636
665
638
642
604
632
625
658
669
653
618
683
676
632
646
635
641
636
632
607
644
663
635
628
646
664
661
648
635
659
649
636
653
622
640
650
620
668
664
640
676
672
633
655
650
656
656
673
661
668
644
647
643
648
665
650
650
626
652
632
659
663
646
646
663
682
673
641
652
655
652
642
676
622
669
637
631
646
671
665
656
653
641
664
651
648
644
686
658
648
635
648
652
658
650
651
658
646
648
634
658
619
634
632
656
668
660
681
687
668
670
671
637
647
650
656
663
666
657
650
632
669
678
674
666
652
650
630
642
648
653
636
676
662
644
673
655
632
659
658
665
657
627
676
671
655
668
616
656
663
667
662
655
654
642
669
654
652
635
642
630
662
674
666
665
663
655
658
615
644
657
638
648
662
645
651
664
674
665
648
669
652
647
662
672
648
671
637
641
651
657
656
666
662
658
662
668
655
675
654
651
638
649
643
659
670
632
643
665
660
662
650
663
650
669
668
644
663
662
648
648
646
662
665
641
646
635
667
673
664
653
662
671
658
674
652
648
653
653
654
657
668
663
658
660
607
658
644
675
672
656
657
665
663
650
656
645
658
624
643
654
647
642
665
670
653
672
670
671
655
638
665
653
655
677
654
638
659
655
652
691
672
629
658
656
650
643
645
677
637
672
634
659
671
662
691
670
683
664
659
663
680
658
658
673
645
655
673
640
662
671
642
641
675
665
664
636
637
679
684
642
632
679
680
648
654
654
627
649
635
648
653
637
658
640
669
685
654
638
648
673
659
632
654
631
643
661
648
656
666
649
658
670
671
670
663
644
642
660
626
663
677
683
667
676
644
647
670
668
671
649
647
650
679
627
652
632
640
653
671
646
662
642
644
663
675
643
644
652
653
683
644
671
670
650
687
671
675
655
666
646
661
665
684
684
671
668
667
628
667
648
669
630
637
659
657
651
652
681
626
668
659
654
652
668
666
655
676
675
667
661
654
651
643
655
642
643
649
656
651
630
655
657
639
636
616
663
679
652
662
660
664
650
------------------
656
653
653
634
653
639
679
660
674
649
646
685
697
666
661
669
689
654
664
666
658
668
670
664
651
666
649
679
656
655
677
661
640
657
653
659
610
663
654
670
627
625
688
650
651
667
651
662
623
651
662
633
642
676
655
659
671
683
665
657
643
639
636
666
663
648
660
639
653
672
671
665
651
656
668
659
677
676
622
691
645
652
652
674
664
641
643
660
683
703
682
663
655
684
651
690
662
641
633
660
645
657
644
647
633
640
677
630
654
652
663
663
654
653
670
673
665
651
634
656
667
663
672
644
667
645
640
669
660
627
666
652
663
646
671
677
655
632
645
642
643
684
668
636
633
661
672
649
649
656
664
654
688
649
688
676
675
664
653
681
660
658
659
674
658
648
640
676
648
672
658
672
646
674
651
665
657
668
704
686
659
653
637
666
666
661
670
682
666
643
643
644
657
645
702
665
640
653
651
666
662
653
645
633
646
667
662
631
676
673
641
659
650
670
632
664
658
673
649
615
661
643
647
670
676
660
659
679
657
655
686
662
678
677
653
642
652
678
672
665
654
655
670
665
642
687
704
639
628
650
645
662
661
687
657
669
624
668
629
655
649
650
637
654
667
651
663
664
650
668
665
649
639
657
654
638
669
647
650
660
644
674
665
639
656
646
648
677
656
657
656
673
654
641
666
659
657
663
687
661
651
642
633
677
649
644
641
639
690
661
670
650
652
651
652
656
686
662
669
636
654
657
650
649
678
646
679
684
686
652
671
679
636
671
651
668
685
657
664
662
679
652
667
673
644
667
678
660
683
655
661
637
634
676
670
670
636
642
645
659
648
644
636
642
648
657
647
688
644
646
643
654
632
659
655
644
661
688
669
665
654
672
638
662
659
667
675
660
634
654
664
651
688
676
654
649
674
659
693
642
656
697
662
647
630
636
655
661
648
651
639
630
686
668
670
660
645
655
632
632
671
667
657
660
683
668
647
644
654
632
661
667
666
622
669
662
646
645
637
653
660
651
641
652
660
644
682
659
670
665
649
647
672
653
649
663
631
651
672
673
653
659
642
644
644
667
655
649
638
653
654
662
663
647
666
650
650
667
677
649
650
663
671
672
658
666
659
678
660
646
663
638
666
644
656
678
668
672
687
654
RamSize=1000 start
777
930
822
852
830
818
852
871
924
914
865
897
898
828
902
866
822
800
868
887
856
832
872
924
848
856
881
904
840
894
871
917
867
861
922
877
879
867
873
853
971
912
885
923
895
903
877
879
867
871
880
878
902
884
877
880
846
896
894
876
919
846
861
923
882
872
925
868
869
896
877
867
862
905
895
926
879
867
875
934
876
900
912
881
874
875
860
902
897
957
923
872
879
901
916
863
932
933
928
928
884
899
927
876
890
874
884
875
858
842
897
947
889
897
882
900
880
924
919
901
941
878
880
928
890
877
886
903
954
871
874
871
953
954
910
865
911
933
967
929
892
892
875
964
890
957
874
869
872
872
874
929
870
915
859
876
866
841
862
874
917
885
915
867
876
868
863
929
867
870
907
932
868
841
924
915
949
897
880
865
872
957
881
926
859
925
862
924
893
905
865
915
849
862
935
931
871
844
878
941
831
870
864
859
933
914
886
914
883
895
874
849
875
935
904
873
884
913
851
835
829
925
869
866
847
867
902
881
877
932
853
850
827
922
938
837
911
827
839
858
902
862
845
871
953
842
852
872
836
870
860
853
937
920
868
925
834
863
835
857
867
832
899
869
889
897
903
828
852
908
833
869
866
911
947
902
828
858
863
847
832
891
884
854
854
868
849
861
854
830
823
862
926
860
819
883
883
879
862
860
932
912
871
862
835
872
813
920
917
863
830
916
823
839
824
861
875
873
868
921
872
874
868
873
866
865
925
884
878
867
847
890
899
883
876
879
870
921
926
937
891
885
918
887
891
901
850
976
927
951
941
911
863
873
876
870
856
926
937
975
878
854
875
889
928
878
836
864
865
862
881
935
865
924
855
897
934
909
950
893
895
898
868
869
912
906
878
927
878
942
926
855
881
881
873
852
892
941
938
884
926
891
896
893
876
873
903
909
931
927
876
890
908
912
883
866
938
919
910
874
918
873
874
918
875
876
894
956
884
932
892
910
932
886
895
847
868
866
928
846
877
877
865
845
860
861
943
921
867
866
840
940
878
925
865
875
889
929
915
884
876
927
884
866
867
845
880
869
875
919
870
879
914
919
875
856
867
869
876
873
874
918
921
870
879
866
873
868
930
870
919
850
890
865
874
867
911
883
956
932
------------------
881
881
878
880
834
871
930
881
878
846
904
891
936
919
883
901
907
879
903
876
867
873
867
878
862
866
898
862
863
937
901
902
884
873
924
920
877
877
958
911
950
882
859
874
925
861
870
871
860
837
910
881
875
860
880
881
872
882
925
877
847
919
875
864
865
964
939
935
882
926
874
872
888
864
848
858
917
877
874
832
858
870
927
849
890
909
890
913
883
919
866
869
871
910
901
865
869
885
928
869
872
937
872
904
892
910
849
864
890
917
876
861
889
933
877
914
882
892
864
872
888
877
895
888
931
896
882
931
856
870
869
899
853
883
887
936
918
921
885
875
875
885
869
877
906
886
869
870
939
889
871
875
925
926
838
868
871
876
882
891
863
859
867
878
872
894
888
876
874
915
868
870
865
897
884
910
907
864
886
907
884
859
887
890
876
882
878
888
872
865
874
876
907
907
873
922
875
869
897
912
922
920
872
864
871
876
928
863
912
913
880
867
877
899
904
883
880
887
856
923
931
909
891
952
888
935
876
869
863
947
908
924
889
897
971
875
872
871
886
930
880
881
871
873
868
868
913
919
952
884
870
874
866
916
884
873
841
876
884
976
882
878
929
865
879
865
862
847
841
866
915
956
912
866
886
923
870
844
853
863
861
829
940
889
913
852
830
887
920
945
911
944
924
825
881
865
853
855
889
893
879
934
880
869
947
842
837
869
877
855
875
857
898
871
845
833
898
893
874
880
860
875
871
869
884
880
922
873
878
887
881
882
918
860
861
936
904
900
911
894
866
883
859
869
876
870
879
898
905
904
895
877
864
870
856
866
849
873
866
879
877
882
862
881
923
942
875
917
877
928
874
872
921
890
924
881
881
929
879
872
888
852
882
854
876
871
874
878
866
876
858
843
864
885
900
898
907
928
903
856
889
859
916
915
939
925
843
925
925
882
869
908
905
861
863
922
882
872
926
927
846
914
934
867
878
855
872
873
873
865
878
929
882
926
857
938
885
917
903
932
934
873
856
885
901
875
865
861
896
895
869
928
867
877
872
933
925
924
864
881
922
882
880
858
858
833
865
929
928
922
900
915
878
868
877
868
882
911
880
883
882
901
900
913
876
927
941
869
880
950
920
916
861
860
878
926
935
837
855
910
RamSize=1000 start
456
628
666
669
684
679
727
724
703
714
697
718
720
721
725
732
726
735
685
725
714
716
750
700
732
704
737
748
716
716
727
744
724
753
711
765
717
739
773
729
732
741
740
753
749
723
758
754
733
751
721
756
744
748
759
749
750
746
767
764
755
724
735
739
767
721
727
783
742
730
753
739
744
741
742
749
747
751
762
767
766
749
747
725
741
759
763
756
756
759
759
738
763
755
714
754
759
708
758
776
760
749
758
733
765
751
734
760
757
744
755
744
740
765
728
745
770
756
742
758
741
736
739
751
726
742
741
747
752
755
752
746
758
749
759
746
747
759
755
775
738
764
757
735
740
760
741
764
758
742
727
739
783
739
757
742
748
749
760
771
762
753
764
736
749
781
733
753
753
777
743
748
767
762
740
734
771
752
730
779
748
751
749
746
747
760
759
752
726
738
748
746
742
773
765
768
744
760
749
767
756
739
762
772
788
761
783
738
748
746
759
755
754
761
734
756
756
759
730
756
769
734
754
763
745
746
753
754
744
760
738
762
760
759
757
751
734
753
759
739
758
735
743
770
738
758
756
748
769
750
762
760
761
764
778
745
725
739
748
754
750
740
748
757
734
744
742
751
761
733
732
734
752
738
760
759
745
746
762
731
744
738
762
741
746
762
753
731
740
727
756
754
774
778
769
745
768
757
744
746
734
741
751
752
761
735
758
736
739
721
748
763
748
769
766
747
779
764
763
743
779
750
765
740
757
751
725
765
783
738
749
747
747
755
758
720
743
736
777
768
775
756
758
749
744
765
736
748
768
730
747
765
768
748
753
789
774
754
748
750
782
743
751
772
760
744
758
765
755
769
753
788
738
757
755
742
737
744
740
768
736
747
761
761
743
781
775
746
741
764
740
778
756
745
741
766
774
726
752
779
762
729
749
745
743
775
764
734
772
729
759
744
753
757
750
765
787
743
739
754
739
758
741
766
762
762
751
765
736
758
747
768
767
790
769
762
712
756
747
757
757
722
778
762
739
755
743
765
752
730
747
760
730
762
780
762
774
761
764
759
749
770
747
726
743
751
742
744
746
760
731
737
742
758
752
744
763
765
758
754
785
730
763
735
734
758
759
775
747
741
752
737
746
760
759
729
761
772
739
746
------------------
746
744
767
745
758
746
742
766
757
750
751
748
770
734
780
804
785
728
747
738
757
742
757
749
717
754
761
756
727
745
769
754
757
740
745
747
736
734
766
742
773
721
748
760
755
766
766
751
747
804
775
765
762
767
764
767
747
746
762
739
727
739
744
757
769
759
758
747
760
763
733
770
743
766
738
769
753
778
765
785
750
769
743
736
760
770
748
740
759
772
739
768
760
771
754
757
759
737
730
767
766
763
743
768
758
762
729
763
770
766
749
770
738
767
771
767
744
760
770
774
763
752
749
752
770
731
763
759
768
762
739
757
750
762
756
764
756
757
732
773
750
750
756
752
757
750
745
759
738
780
723
757
766
755
769
748
716
774
740
745
757
764
772
758
744
715
755
748
767
764
726
771
745
722
772
738
739
737
749
762
758
747
768
758
771
727
765
748
770
757
743
760
755
759
771
772
741
751
753
761
763
748
732
749
746
767
733
766
760
753
763
761
755
811
739
752
765
760
759
754
774
781
758
790
767
772
744
773
745
746
739
755
752
746
754
778
751
751
762
738
762
755
756
752
778
741
746
745
752
737
735
746
747
763
770
783
747
758
749
773
766
726
753
747
766
736
760
749
772
769
749
759
749
761
768
761
772
771
770
744
749
738
749
756
737
737
769
758
755
761
778
765
740
738
728
758
743
741
765
753
758
743
783
772
755
791
738
730
750
755
771
757
771
794
763
730
772
747
753
748
783
753
756
760
771
752
768
741
763
740
739
764
762
754
780
740
764
759
738
742
759
763
761
767
757
758
761
754
751
769
748
762
766
753
759
747
774
734
744
744
760
757
751
775
762
769
754
759
747
749
764
770
742
767
761
756
747
780
759
762
761
753
754
765
765
772
770
775
751
748
779
756
748
763
767
747
781
737
760
741
741
766
755
762
754
749
750
751
765
761
755
732
746
761
754
788
757
765
743
737
735
763
767
750
763
768
762
761
736
764
754
758
772
760
761
759
758
762
725
753
759
749
739
747
782
749
777
749
762
751
772
714
755
759
749
781
764
758
773
765
748
754
728
733
772
753
764
767
738
770
771
751
741
744
738
763
750
752
755
729
748
761
759
758
772
752
755
751
749
745
739
762
728
744
746
746
768
748
738
RamSize=1000 start
777
930
822
852
830
818
852
871
924
914
865
897
898
828
902
866
822
800
868
887
856
832
872
924
848
856
881
904
840
894
871
917
867
861
922
877
879
867
873
853
971
912
885
923
895
903
877
879
867
871
880
878
902
884
877
880
846
896
894
876
919
846
861
923
882
872
925
868
869
896
877
867
862
905
895
926
879
867
875
934
876
900
912
881
874
875
860
902
897
957
923
872
879
901
916
863
932
933
928
928
884
899
927
876
890
874
884
875
858
842
897
947
889
897
882
900
880
924
919
901
941
878
880
928
890
877
886
903
954
871
874
871
953
954
910
865
911
933
967
929
892
892
875
964
890
957
874
869
872
872
874
929
870
915
859
876
866
841
862
874
917
885
915
867
876
868
863
929
867
870
907
932
868
841
924
915
949
897
880
865
872
957
881
926
859
925
862
924
893
905
865
915
849
862
935
931
871
844
878
941
831
870
864
859
933
914
886
914
883
895
874
849
875
935
904
873
884
913
851
835
829
925
869
866
847
867
902
881
877
932
853
850
827
922
938
837
911
827
839
858
902
862
845
871
953
842
852
872
836
870
860
853
937
920
868
925
834
863
835
857
867
832
899
869
889
897
903
828
852
908
833
869
866
911
947
902
828
858
863
847
832
891
884
854
854
868
849
861
854
830
823
862
926
860
819
883
883
879
862
860
932
912
871
862
835
872
813
920
917
863
830
916
823
839
824
861
875
873
868
921
872
874
868
873
866
865
925
884
878
867
847
890
899
883
876
879
870
921
926
937
891
885
918
887
891
901
850
976
927
951
941
911
863
873
876
870
856
926
937
975
878
854
875
889
928
878
836
864
865
862
881
935
865
924
855
897
934
909
950
893
895
898
868
869
912
906
878
927
878
942
926
855
881
881
873
852
892
941
938
884
926
891
896
893
876
873
903
909
931
927
876
890
908
912
883
866
938
919
910
874
918
873
874
918
875
876
894
956
884
932
892
910
932
886
895
847
868
866
928
846
877
877
865
845
860
861
943
921
867
866
840
940
878
925
865
875
889
929
915
884
876
927
884
866
867
845
880
869
875
919
870
879
914
919
875
856
867
869
876
873
874
918
921
870
879
866
873
868
930
870
919
850
890
865
874
867
911
883
956
932
------------------
881
881
878
880
834
871
930
881
878
846
904
891
936
919
883
901
907
879
903
876
867
873
867
878
862
866
898
862
863
937
901
902
884
873
924
920
877
877
958
911
950
882
859
874
925
861
870
871
860
837
910
881
875
860
880
881
872
882
925
877
847
919
875
864
865
964
939
935
882
926
874
872
888
864
848
858
917
877
874
832
858
870
927
849
890
909
890
913
883
919
866
869
871
910
901
865
869
885
928
869
872
937
872
904
892
910
849
864
890
917
876
861
889
933
877
914
882
892
864
872
888
877
895
888
931
896
882
931
856
870
869
899
853
883
887
936
918
921
885
875
875
885
869
877
906
886
869
870
939
889
871
875
925
926
838
868
871
876
882
891
863
859
867
878
872
894
888
876
874
915
868
870
865
897
884
910
907
864
886
907
884
859
887
890
876
882
878
888
872
865
874
876
907
907
873
922
875
869
897
912
922
920
872
864
871
876
928
863
912
913
880
867
877
899
904
883
880
887
856
923
931
909
891
952
888
935
876
869
863
947
908
924
889
897
971
875
872
871
886
930
880
881
871
873
868
868
913
919
952
884
870
874
866
916
884
873
841
876
884
976
882
878
929
865
879
865
862
847
841
866
915
956
912
866
886
923
870
844
853
863
861
829
940
889
913
852
830
887
920
945
911
944
924
825
881
865
853
855
889
893
879
934
880
869
947
842
837
869
877
855
875
857
898
871
845
833
898
893
874
880
860
875
871
869
884
880
922
873
878
887
881
882
918
860
861
936
904
900
911
894
866
883
859
869
876
870
879
898
905
904
895
877
864
870
856
866
849
873
866
879
877
882
862
881
923
942
875
917
877
928
874
872
921
890
924
881
881
929
879
872
888
852
882
854
876
871
874
878
866
876
858
843
864
885
900
898
907
928
903
856
889
859
916
915
939
925
843
925
925
882
869
908
905
861
863
922
882
872
926
927
846
914
934
867
878
855
872
873
873
865
878
929
882
926
857
938
885
917
903
932
934
873
856
885
901
875
865
861
896
895
869
928
867
877
872
933
925
924
864
881
922
882
880
858
858
833
865
929
928
922
900
915
878
868
877
868
882
911
880
883
882
901
900
913
876
927
941
869
880
950
920
916
861
860
878
926
935
837
855
910
RamSize=1000 start
378
551
527
593
561
579
600
579
610
611
617
607
604
592
619
610
610
620
621
616
634
631
633
644
612
605
616
623
636
615
641
645
636
632
646
644
618
640
608
632
637
619
632
659
638
652
656
635
666
638
642
603
633
625
658
669
652
619
683
675
632
647
634
642
636
632
607
644
663
635
627
646
665
660
649
634
660
649
636
653
622
640
650
620
668
663
641
676
671
634
654
651
655
657
673
661
668
644
647
642
649
665
650
650
626
652
632
658
664
645
647
662
683
673
641
651
656
652
642
676
621
669
638
630
647
671
665
655
654
640
665
651
648
643
687
657
649
634
648
653
657
651
651
658
646
648
634
657
620
633
632
657
668
659
681
688
668
670
670
637
648
650
656
662
667
656
650
632
670
678
674
665
653
650
630
642
647
654
636
675
663
643
673
656
632
658
659
664
658
626
677
670
656
668
616
655
663
667
662
656
654
642
669
654
652
634
643
630
662
673
667
664
664
655
658
614
644
658
637
648
663
644
651
665
674
665
648
669
652
647
661
673
648
670
638
641
651
657
655
667
661
658
663
668
654
676
653
651
638
650
642
660
669
633
643
664
660
663
650
663
650
668
668
645
663
661
649
648
645
662
665
642
646
634
668
673
664
652
662
672
658
674
651
649
653
653
654
657
667
664
658
660
606
659
644
675
671
657
657
665
662
651
656
644
658
625
642
654
647
643
664
671
653
671
671
671
655
637
665
653
656
677
653
639
658
656
652
690
673
629
658
656
650
642
645
678
636
673
634
659
671
662
690
671
682
665
658
663
680
658
658
673
645
656
673
639
663
671
642
641
675
664
664
637
637
679
683
642
632
680
679
649
654
654
626
650
634
649
653
637
658
640
669
685
654
638
648
673
658
632
654
632
642
662
648
656
666
649
657
670
671
671
663
643
643
659
627
663
677
682
668
676
644
647
670
668
671
649
646
651
679
626
652
633
639
653
671
647
661
643
643
664
675
643
644
652
653
682
645
671
669
650
688
671
675
655
665
647
660
665
685
684
671
668
667
628
667
648
668
630
637
659
657
652
652
681
626
668
659
654
652
667
666
656
675
675
668
661
654
651
643
655
642
643
649
656
651
629
656
657
639
635
617
663
678
652
662
661
664
649
------------------
326
413
433
520
495
519
536
535
574
565
565
581
571
568
584
580
570
588
586
590
595
613
598
632
593
594
590
598
615
597
615
630
626
611
619
627
607
620
602
619
628
609
623
642
618
628
644
623
646
618
630
588
617
618
639
654
626
612
667
662
622
624
624
634
628
627
596
631
653
629
615
635
660
653
645
622
649
637
626
648
615
635
639
616
660
656
635
671
661
629
651
645
644
651
665
655
661
636
640
630
641
660
647
641
620
645
629
656
654
643
638
659
679
663
637
640
650
651
640
673
619
661
646
618
645
668
661
655
648
636
660
653
643
642
685
649
645
632
643
645
656
642
655
651
638
639
630
657
622
630
634
652
662
649
671
682
662
662
663
634
637
650
657
657
663
652
646
629
665
668
668
664
646
650
626
643
645
650
635
676
663
641
673
655
629
652
659
660
653
618
676
663
652
665
614
649
667
666
660
652
652
637
671
657
655
634
638
625
662
673
664
660
660
652
657
613
635
662
633
646
662
643
646
662
676
663
648
667
652
643
661
671
649
667
637
639
644
656
652
667
664
651
659
664
651
674
652
643
639
651
642
659
663
630
641
664
655
657
648
661
651
665
669
643
657
657
648
646
644
660
658
639
646
637
667
670
663
651
659
667
654
673
652
643
645
651
651
657
664
659
663
661
605
661
644
668
667
656
652
665
661
651
654
642
659
625
641
655
645
644
661
667
653
671
670
669
655
637
666
652
654
669
652
638
655
657
651
691
672
626
660
654
651
643
641
675
639
674
630
658
672
664
693
673
683
659
659
658
678
658
663
675
644
656
668
639
663
669
639
638
673
664
664
635
634
673
680
643
633
677
678
651
658
656
627
647
633
651
649
635
654
640
665
685
652
634
647
674
655
631
651
635
643
658
647
657
666
643
658
670
667
670
663
641
646
664
626
665
678
683
668
676
646
643
668
668
669
653
648
652
679
626
652
634
637
650
670
645
662
645
642
665
673
640
647
651
654
683
648
668
670
649
686
669
678
655
661
647
661
662
682
684
673
668
665
622
668
647
665
629
638
661
656
650
652
679
628
669
658
655
649
666
666
654
672
678
666
660
653
650
640
651
640
642
646
656
647
628
653
658
640
632
621
665
676
652
660
657
664
RamSize=1000 start
378
551
527
593
561
579
600
579
610
611
617
607
604
592
619
610
610
620
621
616
634
631
633
644
612
605
616
623
636
615
641
645
636
632
646
644
618
640
608
632
637
619
632
659
638
652
656
635
666
638
642
603
633
625
658
669
652
619
683
675
632
647
634
642
636
632
607
644
663
635
627
646
665
660
649
634
660
649
636
653
622
640
650
620
668
663
641
676
671
634
654
651
655
657
673
661
668
644
647
642
649
665
650
650
626
652
632
658
664
645
647
662
683
673
641
651
656
652
642
676
621
669
638
630
647
671
665
655
654
640
665
651
648
643
687
657
649
634
648
653
657
651
651
658
646
648
634
657
620
633
632
657
668
659
681
688
668
670
670
637
648
650
656
662
667
656
650
632
670
678
674
665
653
650
630
642
647
654
636
675
663
643
673
656
632
658
659
664
658
626
677
670
656
668
616
655
663
667
662
656
654
642
669
654
652
634
643
630
662
673
667
664
664
655
658
614
644
658
637
648
663
644
651
665
674
665
648
669
652
647
661
673
648
670
638
641
651
657
655
667
661
658
663
668
654
676
653
651
638
650
642
660
669
633
643
664
660
663
650
663
650
668
668
645
663
661
649
648
645
662
665
642
646
634
668
673
664
652
662
672
658
674
651
649
653
653
654
657
667
664
658
660
606
659
644
675
671
657
657
665
662
651
656
644
658
625
642
654
647
643
664
671
653
671
671
671
655
637
665
653
656
677
653
639
658
656
652
690
673
629
658
656
650
642
645
678
636
673
634
659
671
662
690
671
682
665
658
663
680
658
658
673
645
656
673
639
663
671
642
641
675
664
664
637
637
679
683
642
632
680
679
649
654
654
626
650
634
649
653
637
658
640
669
685
654
638
648
673
658
632
654
632
642
662
648
656
666
649
657
670
671
671
663
643
643
659
627
663
677
682
668
676
644
647
670
668
671
649
646
651
679
626
652
633
639
653
671
647
661
643
643
664
675
643
644
652
653
682
645
671
669
650
688
671
675
655
665
647
660
665
685
684
671
668
667
628
667
648
668
630
637
659
657
652
652
681
626
668
659
654
652
667
666
656
675
675
668
661
654
651
643
655
642
643
649
656
651
629
656
657
639
635
617
663
678
652
662
661
664
649
------------------
326
413
433
520
495
519
536
535
574
565
565
581
571
568
584
580
570
588
586
590
595
613
598
632
593
594
590
598
615
597
615
630
626
611
619
627
607
620
602
619
628
609
623
642
618
628
644
623
646
618
630
588
617
618
639
654
626
612
667
662
622
624
624
634
628
627
596
631
653
629
615
635
660
653
645
622
649
637
626
648
615
635
639
616
660
656
635
671
661
629
651
645
644
651
665
655
661
636
640
630
641
660
647
641
620
645
629
656
654
643
638
659
679
663
637
640
650
651
640
673
619
661
646
618
645
668
661
655
648
636
660
653
643
642
685
649
645
632
643
645
656
642
655
651
638
639
630
657
622
630
634
652
662
649
671
682
662
662
663
634
637
650
657
657
663
652
646
629
665
668
668
664
646
650
626
643
645
650
635
676
663
641
673
655
629
652
659
660
653
618
676
663
652
665
614
649
667
666
660
652
652
637
671
657
655
634
638
625
662
673
664
660
660
652
657
613
635
662
633
646
662
643
646
662
676
663
648
667
652
643
661
671
649
667
637
639
644
656
652
667
664
651
659
664
651
674
652
643
639
651
642
659
663
630
641
664
655
657
648
661
651
665
669
643
657
657
648
646
644
660
658
639
646
637
667
670
663
651
659
667
654
673
652
643
645
651
651
657
664
659
663
661
605
661
644
668
667
656
652
665
661
651
654
642
659
625
641
655
645
644
661
667
653
671
670
669
655
637
666
652
654
669
652
638
655
657
651
691
672
626
660
654
651
643
641
675
639
674
630
658
672
664
693
673
683
659
659
658
678
658
663
675
644
656
668
639
663
669
639
638
673
664
664
635
634
673
680
643
633
677
678
651
658
656
627
647
633
651
649
635
654
640
665
685
652
634
647
674
655
631
651
635
643
658
647
657
666
643
658
670
667
670
663
641
646
664
626
665
678
683
668
676
646
643
668
668
669
653
648
652
679
626
652
634
637
650
670
645
662
645
642
665
673
640
647
651
654
683
648
668
670
649
686
669
678
655
661
647
661
662
682
684
673
668
665
622
668
647
665
629
638
661
656
650
652
679
628
669
658
655
649
666
666
654
672
678
666
660
653
650
640
651
640
642
646
656
647
628
653
658
640
632
621
665
676
652
660
657
664
