EACLOCK
8555.73
62.7333
62
65.6
62.8333
64.5333
62.1667
62.5333
60.8
63.2667
62.2667
62.8333
63.1
63
64.3
63.5667
62.4667
64.7667
61.7667
63
61.5
62.9333
62.3667
61.7667
62.7667
64.0667
62.8667
61.8333
61.3667
61.6333
61.0333
62.2667
62.8333
54.9
49.8667
50
51.4667
52.4333
52
51.6667
52.4
52.8
51.1333
52.0667
53.9667
51.8
51.1
52.4333
51.8333
52.5667
50.9
52.7333
52.0667
54.7
52.4
51.1333
52.7333
53.2667
52.6
52.6
52.9
53.2
54.4333
54.5667
53.2333
54.7667
52.6333
52.5
52.1
54.1333
53.2
54.8667
52.3667
53.0667
52.6333
54.7
53.8333
52.6
55.8333
51.2333
53.9667
53.6
52.3667
52.7
53.7667
54.7333
54.8333
52.1
53.4
52.8667
54.7333
53.2333
53.8333
54.4333
53.2
53.7333
53.4333
54.0667
53.9667
53.4
EACLOCK-FDW
8615.5
64.6
64.3
66.8333
64.8
65.8667
64.1667
64.8
63.3333
65
64.7
64.6
65.8333
65.8
66.4667
66.3333
65.2
67.0667
64.9
65.2333
64
64.9667
65.4667
65.2333
65.8333
66.8
65.0333
64.1333
64.5
64.3
64.6333
64.7667
65.6667
54.5667
46.8333
52.5667
55.9
57.3667
57.9333
58.4
60.1333
61.1333
59.2333
61.0333
61.9667
61.8667
60.9333
62.0333
62.4667
63.3
60.9333
62.6
62.6333
64.7
62.9333
61.1
62.7333
63.2
63.5333
62.9
62.6333
62.7667
64.4667
64.1333
63.2667
65.2667
62.3333
63.5333
62.3
63.9667
63.2333
64.7333
63.6
64.1333
63.5
64.8
64.1
64.3333
64.9
63.1667
64.1667
63.7333
62.8333
61.8333
64.8667
66.7667
64.7667
63.8
64.7
63.5
66.3667
63.7667
63.9667
65.2333
64.3
64.1
63.8
65.1333
63.9
65.3667
2Q
8242.63
61.7667
60.9
64
62
63.8667
61.4333
61.0333
59.3333
61.2667
61
61.6333
62.5
62.1667
63.2667
63.0333
61.8333
64.0333
60.7667
62.2333
60.5
60.9
60.8667
61.2
61.4
62.9667
62.8
60.7333
60.6667
60.9333
60.5667
61.2667
61.8667
53.1667
48.9667
55.5667
59.1667
60.7667
60.4667
62.1
61.5333
62.7333
60.6
61.4
62.4333
62.5333
61.5
61.5667
62.3333
62.2
60.8
61.8333
61.1
63.7667
62.2
59.5667
60.8
61.7333
62.2
62.3333
62
62.6
62.9667
63.1
62.1333
63.5667
60.4667
61.5333
61.1
62.5333
62.1333
63.4333
61.7
62
61.0667
63.1
61
62.3333
63.9333
61.1333
62.4
62.3333
60.8667
59.4667
62.5667
63.4
62.4
60.9667
62.6
61.3
63.4667
60.7667
61.6667
62.8667
62.1333
62.3667
61.5333
62.1
60.7333
62.5333
S3-FIFO
8500.8
64
62.1
65.4667
63.7333
65.3667
63.6333
63.1
61.6667
63.4333
62.9333
63.3667
63.9333
63.7333
65.7
64.4667
63.3333
65.6333
63.3333
64.1
62.5
63.6667
63.1333
63.3333
63.4333
65.4
64.7333
63.2333
62.6
62.7
62.9333
62.8667
63.8333
53.2333
50.2667
55.8
58.6
60.7667
61.4333
62.2
62.4333
64
62.0333
63.4667
64.3333
63.9667
63.1333
63.2
63.8333
64.4667
62.9
63.5667
63.3333
65.6333
63.9333
61.7333
63.1333
63.3333
63.9333
63.7667
63.2
64.0333
64.4
64.8333
64.0667
65.3
62.7333
64.2667
62.4333
63.9667
64
65.6
63.7333
64.0333
63.8667
65.0667
63.3
64.0333
64.8333
63.3
64.5333
64.2
62.9667
61.6
64.8667
65.9667
64.4333
63.1
64.4333
63.1667
65.6
62.9333
63.7333
64.9333
63.8333
63.9667
62.9667
64.4
62.8667
65.0667
LIRS:1000
8219.7
61.4333
59.8333
63.1667
61.4667
63.4333
61.1667
60.8
59.0667
61.2667
61
61.0333
61.7
61.0667
63.1667
62.9
61.5
63.4
61.3667
62.1
60.8667
61.1333
61
60.4333
61.2
62.9667
62.4
61.5
60.1667
59.9
60.3333
60.9333
61.1667
51.9333
51.5
58.6667
61.1667
61.3333
62.1333
61.8
60.5
62.6333
59.8667
61.5
62.2
61.3667
60.8
61
61.4333
61.1667
60.7
61.6667
60.9
63.5
61.7
59.2667
60.5
60.9
61.9667
61.2
60.9333
62.3333
61.6667
62.4333
62.5
63.0333
59.9
60.9333
60.7667
61.9333
62.1
62.9667
61.6
61.7333
61.6
62.5333
60.8333
61.9333
63.0333
61.1
62.1
62.5333
60.5333
58.8667
62.4333
62.8
62.1667
60.5333
61.2333
61.5333
62.8667
61.0667
61.4667
62.6667
61.6
61.9333
61.3667
61.1
60.1333
62.7333
Clock Sweep
7598
56.7667
55.9333
58.9
57.8333
58.0667
56.6333
56
54.4
56.3
56
56.4
57.1333
56.3333
58.1667
58.1667
56.6333
59.4333
55.5667
57.1667
55.6
56.6333
56.6
56.4667
56.4333
58.4333
57.2333
55.8333
56.3
55.3
55.1667
55.9667
57.1667
52.1667
54.5333
54.1667
55.7333
55.6333
55.8333
55.6333
55.7333
56.7333
54.8
55.9333
57.7667
55.7333
54.5333
55.4
55.9
55.6
55.3667
56.3667
55.5
57.7333
56.2667
54.8333
55.2667
56.0667
55.9
55.5
55.0667
56.3333
57.8
57.1333
56.4667
57.8
55.9667
55.3
55.5
57.3
55.9
57.3333
55.4
56.1
55.5333
57.4667
56.5333
55.6667
58.5333
54.1333
56.9333
56.5
54.8667
55.8
56.8
58.2
56.9667
55.1667
56
54.9
58.0667
55.3
55.1333
57.4
55.8333
56.2
56.1667
56.1333
55.6333
56.5
ARC:1000
8338.33
62.3333
61.5333
64.3
62.6667
64.3667
62.1333
61.9
60.1
61.9333
61.8333
62.2667
62.3333
62.2
64.2333
63.4
62.7667
64.1667
61.6333
63.2333
61.4333
62.1
61.5
61.5333
61.9667
64.2667
63.2333
62.8
61.2333
61.4667
61.2333
61.3333
61.7667
52.7333
52.1333
57.4333
58.7333
59.8333
61.3667
62.5333
61.8333
63
61.1
61.7667
63.2
62.8333
62.2
62.3667
62
62.8
61.5333
62.4
62.1
64.2667
62.5
60.9333
61
62.1667
63.4333
62.8667
62.2
63.2667
63.2
63.3
63.4333
63.9
61
61.8
61.5333
62.6667
62.6333
63.9667
62.6
62.8667
62.6667
63.6333
61.5667
62.5333
64.2333
61.8333
63.2
62.9667
61.3333
60.3
63.2667
63.6333
63
61.1
62.5333
62.2667
63.8333
61.3667
62.3667
63.1333
62.1333
62.8
62.4
63.1
61.3
63.3667
EACLOCK-FDW
8615.5
64.6
64.3
66.8333
64.8
65.8667
64.1667
64.8
63.3333
65
64.7
64.6
65.8333
65.8
66.4667
66.3333
65.2
67.0667
64.9
65.2333
64
64.9667
65.4667
65.2333
65.8333
66.8
65.0333
64.1333
64.5
64.3
64.6333
64.7667
65.6667
54.4667
42.9667
48.1
51.1667
52.1
52.8
53.7
54.7333
55.4333
54.2
55.4
57.2
55.4333
55.3667
56.4
55.8
57.5333
55.8333
57.5667
57.4333
59.0333
56.9667
55.4667
58.0333
58.0333
57.9333
57.9333
58.4333
58.2333
60.2333
60.0333
58.9333
61.0333
57.8333
59.1
58.5333
59.8
59.6
60.3
59.9
59.6333
58.7
60.9667
60
60
61.5667
58.5
60.2
60.2333
59.3333
58.7333
60.8
61.7333
61.4333
59.2
60.7667
60.0667
61.7667
59.8
60.1667
61.7333
60.5667
60.9667
59.9
61.7667
60.2667
61.7333
EACLOCK
7384.68
75.475
74.25
76.4
74.625
74.4
74.05
73.6
74.675
73.675
75.05
75.8
75.025
76.25
74.85
74.625
74.45
74.825
74.55
75.7
74.65
73.575
74.375
73.8
74.6
74.7
47.825
56.025
58.875
58.825
60.575
61.625
61.05
62.5
63.225
62.725
63.95
63.75
63.325
64.8
65.975
64.025
63
64.825
65.725
65.95
64.525
67.325
66.7
67.675
66.125
66.625
66.2
67.475
67.675
67.525
66.725
68.525
67.3
68.025
66.55
67.725
66.65
67.2
69.05
68.9
68.1
68.075
69.85
68.05
68.9
69.475
68.325
68.55
68.125
68.725
EACLOCK-FDW
7384.68
75.475
74.25
76.4
74.625
74.4
74.05
73.6
74.675
73.675
75.05
75.8
75.025
76.25
74.85
74.625
74.45
74.825
74.55
75.7
74.65
73.575
74.375
73.8
74.6
74.7
48.625
59.75
64.475
64.85
67.325
68.975
68.975
69.6
69.5
69.525
71.075
70.275
70.25
71.4
72.775
71.3
70.6
71.75
71.9
72.55
71.825
73.625
73.55
74
72.575
72.8
72.475
73.35
74.1
74
73.25
74.375
73.25
74.175
72.2
73.525
73.4
73.125
74.775
74.5
73.575
73.775
75.35
73.875
73.625
74.75
74.275
74.225
73.125
74.7
2Q
7045.43
71.4
70.05
72.825
70.775
70.35
70.15
69.95
70.5
69.75
70.75
71.65
71.35
72.725
71.1
71.2
71.1
70.95
71.15
71.6
71.425
69.825
70.925
70.45
70.4
70.6
53
62.5
66.8
68.425
69.25
70.8
69.875
71.55
71.125
69.775
70.6
71.25
70.325
71.05
72.3
70.35
69.6
70.45
71.55
71.3
69.9
72.425
71.875
71.55
70.625
71.075
70.15
71.2
71.625
71.025
70.675
72
70.4
72.3
70.8
71.7
70.475
70.125
72.525
71.925
70.475
70.075
72.9
70.225
71.325
71.6
71.35
71.25
69.95
71.775
S3-FIFO
7216.57
73.275
72.2
74.725
72.475
71.825
72.575
71.75
72.4
71.95
72.35
73.675
73.4
73.9
72.55
73.05
72.375
73.075
72.7
73.4
72.55
71.15
72.75
72.375
72.25
72.75
53.45
63.625
67.125
67.325
69.25
71.2
69.95
71.925
71.15
71.175
72.65
72.325
71.675
72.475
73.775
72.175
71.65
72.325
73.175
72.75
71.875
73.475
73.7
73.175
73.025
72.425
72.425
73.5
73.65
73.35
72.85
73.15
72.325
73.55
72.55
73.025
72.225
71.725
74.55
73.975
72.575
72.175
75
72.3
73.25
73.35
72.55
73.175
72.325
73.625
LIRS:2000
7096.45
71.75
70.925
73.275
71.3
70.475
70.35
70.05
70.95
70.475
71.05
71.35
71.55
72.9
70.975
70.95
70.775
71.175
70.95
71.65
71.175
70.05
70.1
70.625
70.475
70.65
53.775
64.275
68.6
70.075
70.7
71.4
69.9
71.55
71.2
71.025
70.975
71.125
70.05
71.2
72.05
70.475
70.25
70.825
71.575
71.45
70.225
72.25
72.1
72.05
70.7
71.65
69.925
71.875
71.525
71.35
71.525
72.325
70.85
71.975
70.55
71.725
70.575
70.625
73
72.25
70.625
70.325
73.05
70.625
72.075
72.15
71.1
71.575
70.25
71.65
Clock Sweep
6795.25
68.8
67.625
69.875
68.3
67.475
67.05
67.7
67.275
67.65
67.875
69.375
68.35
68.9
68.675
67.675
68.25
68
67.45
69.2
68.35
67.5
67.925
68.05
67.4
68.45
58.4
65.8
67.375
65.55
66.625
67.65
66.675
67.15
66.95
66.625
66.675
66.925
67.1
67.6
67.9
67.375
66.15
66.05
67.4
67.7
66.425
68.7
67.975
68.575
67.15
67.725
66.475
67.3
68.375
67.35
66.95
68.525
67.15
68.475
66.25
67.8
66.425
66.675
69.075
68.45
66.375
67.125
68.725
67.375
67.875
67.8
67.625
67.825
66.6
67.5
ARC:2000
7079.07
71.475
70.7
73.1
71.025
70.025
70.275
69.65
70.825
70.325
71.3
71.4
71.35
73.125
71.175
70.725
70.6
71.125
70.725
71.675
70.975
69.9
69.95
70.775
70.375
70.75
54.825
65.35
68.775
68.65
70.1
71.15
69.875
71.4
71.125
70.875
70.8
70.9
69.975
70.95
71.7
70.6
70.075
70.45
71.8
71.3
70.275
72.4
71.825
71.925
70.525
71.1
69.55
71.575
71.55
71.45
71.3
72.075
70.675
71.8
70.4
71.475
70.6
70.425
72.65
72.3
70.4
70.275
72.8
70.525
71.9
71.8
70.975
71.5
70.125
71.45
EACLOCK
7384.7
75.475
74.225
76.4
74.625
74.4
74.05
73.6
74.675
73.675
75.05
75.8
75.025
76.25
74.85
74.65
74.425
74.825
74.575
75.7
74.625
73.575
74.4
73.775
74.6
74.725
74.55
74.975
76.725
76.875
75.475
75.525
75.65
74.35
73.9
74.55
74.025
74.875
73.575
75.7
75.975
74
74.525
76.025
75.05
76
74.6
75.45
76.525
76.15
74.525
74.15
74.025
75.275
75.25
74.15
74.875
74.9
73.975
75.75
74.25
75.55
74.725
74.475
76.2
75.9
75.725
74.475
75.95
74.775
76.15
75.625
75.65
74.525
76.225
75.1
EACLOCK-FDW
7384.7
75.475
74.225
76.4
74.625
74.4
74.05
73.6
74.675
73.675
75.05
75.8
75.025
76.25
74.85
74.65
74.425
74.825
74.575
75.7
74.625
73.575
74.4
73.775
74.6
74.725
74.55
74.975
76.725
76.875
75.475
75.525
75.65
74.35
73.9
74.55
74.025
74.875
73.575
75.7
75.975
74
74.525
76.025
75.05
76
74.6
75.45
76.525
76.15
74.525
74.15
74.025
75.275
75.25
74.15
74.875
74.9
73.975
75.75
74.25
75.55
74.725
74.475
76.2
75.9
75.725
74.475
75.95
74.775
76.15
75.625
75.65
74.525
76.225
75.1
2Q
7045.45
71.4
70.05
72.8
70.775
70.35
70.175
69.925
70.5
69.75
70.75
71.65
71.35
72.725
71.1
71.225
71.075
70.95
71.175
71.6
71.4
69.825
70.95
70.425
70.425
70.6
69.975
71.2
72.4
72.725
72.15
72.625
71.25
70.525
70.225
70.075
69.8
70.6
69.85
71.85
71.625
69.875
70.175
72.275
70.675
72.075
71
70.725
72.975
72.6
69.55
70.3
69.7
70.85
70.9
70.5
71.475
71.075
69.9
72.05
69.525
71.175
70.15
70.7
72.15
72.075
71.525
71.15
71.6
71.225
72.275
71.925
71.4
70.6
71.025
70.7
S3-FIFO
7216.62
73.275
72.2
74.7
72.475
71.825
72.575
71.75
72.4
71.95
72.35
73.675
73.4
73.9
72.55
73.075
72.35
73.075
72.7
73.425
72.525
71.15
72.775
72.35
72.275
72.75
71.575
73.15
74.075
74.15
73.25
73.825
73.425
72.2
71.925
71.9
72.2
72.225
71.55
73.1
73.525
71.875
72.45
73.8
72.55
74.425
72.55
72.275
75.1
74.1
72.125
72.325
71.9
73.2
73.075
71.9
73.175
72.725
71.675
73.45
71.875
72.775
72.225
72.525
74.15
73.3
73.175
72.875
73.775
72.575
73.775
72.875
73.475
72.275
73.475
72.175
LIRS:2000
7096.48
71.75
70.925
73.25
71.3
70.475
70.35
70.05
70.95
70.475
71.05
71.35
71.55
72.9
70.975
70.975
70.75
71.175
70.95
71.675
71.15
70.075
70.1
70.6
70.5
70.65
69.925
71.85
72.175
72.95
72.425
72.55
71.475
71.1
70.675
70.55
70.55
70.975
70.575
71.825
71.825
70.05
70.2
72.225
70.725
72.425
70.975
70.6
73.65
72.65
70.2
70.575
70.025
71.2
70.975
70.775
71.85
71.25
69.825
71.85
69.7
71.675
70.725
70.925
72.275
71.875
71.275
71.05
71.725
71.575
72.45
71.875
71.8
70.275
71.15
70.275
Clock Sweep
6795.27
68.8
67.625
69.85
68.3
67.475
67.075
67.675
67.275
67.65
67.875
69.375
68.375
68.9
68.65
67.7
68.225
68
67.475
69.2
68.325
67.525
67.925
68.025
67.425
68.45
67.05
68.325
69.4
70
69.425
70.225
68.75
67.525
68.125
67
66.625
68.225
67.275
69.225
68.85
66.775
67.1
68.825
68.15
69.85
67.7
67.525
70.325
70.425
67.5
67.875
67.4
68.3
67.675
68.1
68.15
68.275
67.775
68.875
67.075
68.075
67.6
67.875
69.65
68.375
69.175
68.075
68.1
68.45
69.325
68.225
68.65
67.5
68.9
68.375
ARC:2000
7079.1
71.475
70.7
73.075
71.025
70.025
70.275
69.65
70.825
70.325
71.3
71.4
71.35
73.125
71.175
70.75
70.575
71.125
70.725
71.7
70.95
69.925
69.95
70.75
70.4
70.75
69.6
71.775
71.8
72.75
72.075
72.525
71.175
70.775
70.575
70.525
70.15
70.8
70.25
71.775
71.8
70.025
70.275
72
70.675
72.4
71
70.225
73.3
72.4
70.15
70.275
69.625
70.925
70.875
70.475
71.725
71.05
69.975
71.6
69.35
71.425
70.675
70.7
72.125
71.75
71.425
70.875
71.55
71.45
72.025
71.5
71.5
70.05
70.9
70.325
EACLOCK
7384.7
75.475
74.225
76.4
74.625
74.4
74.05
73.6
74.675
73.675
75.05
75.8
75.025
76.25
74.85
74.65
74.425
74.825
74.575
75.7
74.625
73.575
74.4
73.775
74.6
74.725
74.55
74.975
76.725
76.875
75.475
75.525
75.65
74.35
73.9
74.55
74.025
74.875
73.575
75.7
75.975
74
74.525
76.025
75.05
76
74.6
75.45
76.525
76.15
74.525
74.15
74.025
75.275
75.25
74.15
74.875
74.9
73.975
75.75
74.25
75.55
74.725
74.475
76.2
75.9
75.725
74.475
75.95
74.775
76.15
75.625
75.65
74.525
76.225
75.1
EACLOCK-FDW
7384.7
75.475
74.225
76.4
74.625
74.4
74.05
73.6
74.675
73.675
75.05
75.8
75.025
76.25
74.85
74.65
74.425
74.825
74.575
75.7
74.625
73.575
74.4
73.775
74.6
74.725
74.55
74.975
76.725
76.875
75.475
75.525
75.65
74.35
73.9
74.55
74.025
74.875
73.575
75.7
75.975
74
74.525
76.025
75.05
76
74.6
75.45
76.525
76.15
74.525
74.15
74.025
75.275
75.25
74.15
74.875
74.9
73.975
75.75
74.25
75.55
74.725
74.475
76.2
75.9
75.725
74.475
75.95
74.775
76.15
75.625
75.65
74.525
76.225
75.1
EACLOCK-FWA
7374.18
75.325
73.95
76.275
74.45
74.45
74.15
73.475
74.475
73.725
74.9
75.55
75.225
76.175
74.65
74.5
74.175
74.925
74.1
75.25
74.25
73.15
74.225
73.475
74.175
74.275
74.175
74.7
76.45
76.375
75.225
75.45
75.325
74.075
73.825
74
73.575
74.225
73.475
75.525
75.525
73.7
74.5
75.8
74.825
75.7
73.975
74.875
76.4
75.55
73.825
74
73.775
74.65
74.675
73.9
74.55
74.625
73.325
75.15
73.4
74.6
74.125
73.925
75.825
75.175
75.1
74.075
75.375
74.4
75.575
75.1
74.725
73.95
75.525
74.4
2Q
7045.45
71.4
70.05
72.8
70.775
70.35
70.175
69.925
70.5
69.75
70.75
71.65
71.35
72.725
71.1
71.225
71.075
70.95
71.175
71.6
71.4
69.825
70.95
70.425
70.425
70.6
69.975
71.2
72.4
72.725
72.15
72.625
71.25
70.525
70.225
70.075
69.8
70.6
69.85
71.85
71.625
69.875
70.175
72.275
70.675
72.075
71
70.725
72.975
72.6
69.55
70.3
69.7
70.85
70.9
70.5
71.475
71.075
69.9
72.05
69.525
71.175
70.15
70.7
72.15
72.075
71.525
71.15
71.6
71.225
72.275
71.925
71.4
70.6
71.025
70.7
S3-FIFO
7216.62
73.275
72.2
74.7
72.475
71.825
72.575
71.75
72.4
71.95
72.35
73.675
73.4
73.9
72.55
73.075
72.35
73.075
72.7
73.425
72.525
71.15
72.775
72.35
72.275
72.75
71.575
73.15
74.075
74.15
73.25
73.825
73.425
72.2
71.925
71.9
72.2
72.225
71.55
73.1
73.525
71.875
72.45
73.8
72.55
74.425
72.55
72.275
75.1
74.1
72.125
72.325
71.9
73.2
73.075
71.9
73.175
72.725
71.675
73.45
71.875
72.775
72.225
72.525
74.15
73.3
73.175
72.875
73.775
72.575
73.775
72.875
73.475
72.275
73.475
72.175
LIRS:2000
7096.48
71.75
70.925
73.25
71.3
70.475
70.35
70.05
70.95
70.475
71.05
71.35
71.55
72.9
70.975
70.975
70.75
71.175
70.95
71.675
71.15
70.075
70.1
70.6
70.5
70.65
69.925
71.85
72.175
72.95
72.425
72.55
71.475
71.1
70.675
70.55
70.55
70.975
70.575
71.825
71.825
70.05
70.2
72.225
70.725
72.425
70.975
70.6
73.65
72.65
70.2
70.575
70.025
71.2
70.975
70.775
71.85
71.25
69.825
71.85
69.7
71.675
70.725
70.925
72.275
71.875
71.275
71.05
71.725
71.575
72.45
71.875
71.8
70.275
71.15
70.275
Clock Sweep
6795.27
68.8
67.625
69.85
68.3
67.475
67.075
67.675
67.275
67.65
67.875
69.375
68.375
68.9
68.65
67.7
68.225
68
67.475
69.2
68.325
67.525
67.925
68.025
67.425
68.45
67.05
68.325
69.4
70
69.425
70.225
68.75
67.525
68.125
67
66.625
68.225
67.275
69.225
68.85
66.775
67.1
68.825
68.15
69.85
67.7
67.525
70.325
70.425
67.5
67.875
67.4
68.3
67.675
68.1
68.15
68.275
67.775
68.875
67.075
68.075
67.6
67.875
69.65
68.375
69.175
68.075
68.1
68.45
69.325
68.225
68.65
67.5
68.9
68.375
ARC:2000
7079.1
71.475
70.7
73.075
71.025
70.025
70.275
69.65
70.825
70.325
71.3
71.4
71.35
73.125
71.175
70.75
70.575
71.125
70.725
71.7
70.95
69.925
69.95
70.75
70.4
70.75
69.6
71.775
71.8
72.75
72.075
72.525
71.175
70.775
70.575
70.525
70.15
70.8
70.25
71.775
71.8
70.025
70.275
72
70.675
72.4
71
70.225
73.3
72.4
70.15
70.275
69.625
70.925
70.875
70.475
71.725
71.05
69.975
71.6
69.35
71.425
70.675
70.7
72.125
71.75
71.425
70.875
71.55
71.45
72.025
71.5
71.5
70.05
70.9
70.325
EACLOCK
7384.7
75.475
74.225
76.4
74.625
74.4
74.05
73.6
74.675
73.675
75.05
75.8
75.025
76.25
74.85
74.65
74.425
74.825
74.575
75.7
74.625
73.575
74.4
73.775
74.6
74.725
74.55
74.975
76.725
76.875
75.475
75.525
75.65
74.35
73.9
74.55
74.025
74.875
73.575
75.7
75.975
74
74.525
76.025
75.05
76
74.6
75.45
76.525
76.15
74.525
74.15
74.025
75.275
75.25
74.15
74.875
74.9
73.975
75.75
74.25
75.55
74.725
74.475
76.2
75.9
75.725
74.475
75.95
74.775
76.15
75.625
75.65
74.525
76.225
75.1
EACLOCK
9224.27
92.15
91.7
93.325
92.05
92.6
91.9
92.275
92.875
92.075
90.625
91.7
92.9
92.75
93.125
92.425
91.375
90.075
91.4
91.725
89.775
91.375
90.85
92.225
90.775
94.325
91.675
91.25
91.95
92.725
92.275
90.6
90.325
92.3
92.35
92.875
91.875
91.025
91.175
90.35
91.95
91.775
94.425
91.975
90.45
91.075
90.025
92.1
91.55
91.375
91.5
92.975
90.8
91.4
92.15
90.75
91.9
92.825
90
92
92.025
90.525
91.725
92.9
91.575
90.875
89.5
90.575
90.5
92.2
92.125
90.875
91.925
89.9
92.05
92
EACLOCK-FDW
9224.27
92.15
91.7
93.325
92.05
92.6
91.9
92.275
92.875
92.075
90.625
91.7
92.9
92.75
93.125
92.425
91.375
90.075
91.4
91.725
89.775
91.375
90.85
92.225
90.775
94.325
91.675
91.25
91.95
92.725
92.275
90.6
90.325
92.3
92.35
92.875
91.875
91.025
91.175
90.35
91.95
91.775
94.425
91.975
90.45
91.075
90.025
92.1
91.55
91.375
91.5
92.975
90.8
91.4
92.15
90.75
91.9
92.825
90
92
92.025
90.525
91.725
92.9
91.575
90.875
89.5
90.575
90.5
92.2
92.125
90.875
91.925
89.9
92.05
92
EACLOCK-FWA
9214.38
92.075
91.65
93.125
91.875
92.675
92.1
92.25
92.675
91.95
90.65
90.875
92.6
92.225
92.725
92.425
91.475
90.075
91.625
91.35
89.7
91.525
90.825
91.85
90.625
94.3
91.575
91.2
91.85
92.725
92.275
90.3
90.2
92.225
91.85
92.75
91.625
91.1
90.925
90.375
91.95
91.175
94.15
91.725
89.975
90.75
90.025
92.225
91.525
91.375
91.375
92.675
90.575
91
92.275
90.3
91.15
92.475
90.125
91.075
92
90.125
90.775
91.625
91.175
90.825
89.45
90.575
90.175
91.4
91.65
90.55
90.8
89.475
92.05
91.5
2Q
9200.92
93.125
92.3
93.325
92.55
93.475
92.65
92.075
94.425
92.525
90.175
91.1
92.3
94.025
92.7
92.125
92.375
91.925
92.825
91.65
90.825
92.7
91.05
92.4
91.4
93.3
92.85
91.975
95.775
93.075
92.875
90.975
91.25
93.55
92.925
93.3
91.95
91.075
91.675
92
92.95
91.225
95.425
92.8
90.9
91.25
91.275
92.825
91.9
92.45
91.775
95.475
91.725
91.65
93.15
91.025
92.825
93.85
90.675
93.3
94.1
90.675
92.675
93.1
92.225
91.675
89.625
92.475
91.075
92.75
95.175
91.425
92.125
90.675
92.625
91.725
S3-FIFO
9210.8
92.3
92.275
93.7
92.9
93.275
92.65
93.95
94.4
93.375
90.85
91.5
92.125
93.975
93.275
92.25
92.375
92.1
93.4
91.975
90.975
92.975
91.675
92.675
91.025
93.525
93.075
92.275
95.825
93.025
92.675
91.575
90.875
93.95
92.75
94.15
91.775
91.325
90.75
90.675
93.85
92.525
95.425
92.825
93.6
91.85
90.975
92.975
92.175
92
92.25
95.875
91.875
91.675
93.125
92.025
93.05
93.25
90.725
92.875
93.8
92.125
92.75
93.275
92.125
92.3
90.175
92.3
91.675
91.95
95.55
92.05
92.6
90.5
92.95
91.8
LIRS:2000
9294.88
93.95
92.425
94.05
93.35
93.4
92.825
93
93.6
93.775
91.65
92.75
94.575
94.425
94.05
93.65
92.375
92.25
91.65
92.75
90.7
92.85
92.4
93.725
91.6
95.55
93.45
93.7
95.075
93.125
92.625
92.825
92.35
94.3
93.875
93.9
92.875
92.125
93.925
92.3
94.875
93.375
95.6
93.35
94.525
92.975
92.55
92.65
91.9
91.775
93.025
95.225
92.025
92.875
93.075
92.15
93.7
94.875
90.875
94.8
93.475
91.9
94.825
95.25
93.4
93.15
91.775
92.375
91.35
95.475
96.175
91.875
93.8
90.95
92.55
92.825
Clock Sweep
9185.83
91.4
91.675
92.525
91.6
92.625
91.575
93.375
93.65
92.65
90.2
89.425
92.1
93.525
92.7
92.825
91.375
91.275
92.925
92.025
90.3
92.4
90.825
92.025
90.075
93.925
91.875
91.55
96.25
92.95
92.175
91.25
90.575
94.075
91.9
93.475
91.225
90.925
90.625
90.875
92.95
91.275
95.225
92
90
90.85
89.95
92.3
91.375
91.525
91.45
95.95
91.1
91.475
92.225
90.25
92.675
93.2
89.975
92.05
93.725
90.45
90.75
92.225
91.225
90.475
89.05
92.575
90.625
91.475
95.075
91.4
92.575
90.3
92.225
91.675
ARC:2000
9270.1
92.2
92.3
94.25
92.775
93.325
92.7
92.975
93.175
93.4
91.475
92.475
94.075
94.225
94.05
93.225
91.9
91.025
91.65
92.9
90.9
93.05
91.325
93.625
91.175
95.475
93.275
92.25
95.125
93.025
92.625
92.5
91.975
93.825
92.975
93.5
92.775
91.825
93.025
92.25
94.625
93.275
95.425
92.85
93.325
92.525
92.6
92.475
91.675
91.725
93.05
95.125
91.925
92.6
92.85
92.1
93.6
95
90.775
94.725
93.125
91.625
92.7
94.7
93.15
93.225
91.5
92.3
91.475
95.05
95.975
92.075
93.55
90.85
92.45
92.5
EACLOCK
9224.27
92.15
91.7
93.325
92.05
92.6
91.9
92.275
92.875
92.075
90.625
91.7
92.9
92.75
93.125
92.425
91.375
90.075
91.4
91.725
89.775
91.375
90.85
92.225
90.775
94.325
91.675
91.25
91.95
92.725
92.275
90.6
90.325
92.3
92.35
92.875
91.875
91.025
91.175
90.35
91.95
91.775
94.425
91.975
90.45
91.075
90.025
92.1
91.55
91.375
91.5
92.975
90.8
91.4
92.15
90.75
91.9
92.825
90
92
92.025
90.525
91.725
92.9
91.575
90.875
89.5
90.575
90.5
92.2
92.125
90.875
91.925
89.9
92.05
92
EACLOCK-FDW
EACLOCK-FWA
9212.85
92.125
91.65
93.15
91.85
92.65
92.075
92.25
92.675
92
90.675
90.8
92.45
92.15
92.625
92.425
91.55
90.075
91.575
91.375
89.85
91.675
90.7
91.75
90.65
94.3
91.5
90.875
91.575
92.775
92.3
90.375
90.05
92.175
91.775
92.75
91.625
91.1
90.975
90.425
91.925
91.375
94.3
91.95
89.925
90.825
89.95
92.225
91.5
91.4
91.225
92.375
90.625
90.975
92.325
90.3
91.175
92.525
90.1
91.15
92.05
90.125
90.7
91.675
91.2
90.65
89.5
90.675
90.15
91.275
91.65
90.675
90.9
89.375
92.1
91.45
2Q
9200.92
93.125
92.3
93.325
92.55
93.475
92.65
92.075
94.425
92.525
90.175
91.1
92.3
94.025
92.7
92.125
92.375
91.925
92.825
91.65
90.825
92.7
91.05
92.4
91.4
93.3
92.85
91.975
95.775
93.075
92.875
90.975
91.25
93.55
92.925
93.3
91.95
91.075
91.675
92
92.95
91.225
95.425
92.8
90.9
91.25
91.275
92.825
91.9
92.45
91.775
95.475
91.725
91.65
93.15
91.025
92.825
93.85
90.675
93.3
94.1
90.675
92.675
93.1
92.225
91.675
89.625
92.475
91.075
92.75
95.175
91.425
92.125
90.675
92.625
91.725
S3-FIFO
9210.8
92.3
92.275
93.7
92.9
93.275
92.65
93.95
94.4
93.375
90.85
91.5
92.125
93.975
93.275
92.25
92.375
92.1
93.4
91.975
90.975
92.975
91.675
92.675
91.025
93.525
93.075
92.275
95.825
93.025
92.675
91.575
90.875
93.95
92.75
94.15
91.775
91.325
90.75
90.675
93.85
92.525
95.425
92.825
93.6
91.85
90.975
92.975
92.175
92
92.25
95.875
91.875
91.675
93.125
92.025
93.05
93.25
90.725
92.875
93.8
92.125
92.75
93.275
92.125
92.3
90.175
92.3
91.675
91.95
95.55
92.05
92.6
90.5
92.95
91.8
LIRS:2000
9294.88
93.95
92.425
94.05
93.35
93.4
92.825
93
93.6
93.775
91.65
92.75
94.575
94.425
94.05
93.65
92.375
92.25
91.65
92.75
90.7
92.85
92.4
93.725
91.6
95.55
93.45
93.7
95.075
93.125
92.625
92.825
92.35
94.3
93.875
93.9
92.875
92.125
93.925
92.3
94.875
93.375
95.6
93.35
94.525
92.975
92.55
92.65
91.9
91.775
93.025
95.225
92.025
92.875
93.075
92.15
93.7
94.875
90.875
94.8
93.475
91.9
94.825
95.25
93.4
93.15
91.775
92.375
91.35
95.475
96.175
91.875
93.8
90.95
92.55
92.825
Clock Sweep
9185.83
91.4
91.675
92.525
91.6
92.625
91.575
93.375
93.65
92.65
90.2
89.425
92.1
93.525
92.7
92.825
91.375
91.275
92.925
92.025
90.3
92.4
90.825
92.025
90.075
93.925
91.875
91.55
96.25
92.95
92.175
91.25
90.575
94.075
91.9
93.475
91.225
90.925
90.625
90.875
92.95
91.275
95.225
92
90
90.85
89.95
92.3
91.375
91.525
91.45
95.95
91.1
91.475
92.225
90.25
92.675
93.2
89.975
92.05
93.725
90.45
90.75
92.225
91.225
90.475
89.05
92.575
90.625
91.475
95.075
91.4
92.575
90.3
92.225
91.675
ARC:2000
9329.02
92.2
92.3
94.25
92.775
93.325
92.7
92.975
93.175
93.4
91.475
92.475
94.075
94.225
94.05
93.225
91.9
91.025
91.65
92.9
90.9
93.05
91.325
93.625
91.175
95.475
93.275
92.25
95.125
93.025
92.625
92.5
91.975
93.825
92.975
93.5
92.775
91.825
93.025
92.25
94.625
93.275
95.425
92.85
93.325
92.525
92.6
92.475
91.675
91.725
93.05
95.125
91.925
92.6
92.85
92.1
93.6
95
90.775
94.725
93.125
91.625
92.7
94.7
93.15
93.225
91.5
92.3
91.475
95.05
95.975
92.075
93.55
90.85
92.45
92.5
EACLOCK
8160.93
82.2
82.25
82.45
82.875
83.125
82.65
82.675
82.15
83.575
81.875
82.325
82.275
81.725
82.7
83.625
82.475
81.775
81.35
81.875
83.15
83.1
82.575
81.5
82.1
82.7
82.375
82.25
82.375
84.525
82
82.9
82.2
81.8
82.2
83.025
82.55
83.025
83.7
83.2
82.075
81.725
82.45
83.125
82.525
84.025
82.3
83.125
83.7
82.925
82.025
82.725
82.525
83.425
83.2
83.325
82.225
83.025
82.825
82.425
81.825
82.375
82.55
82.675
83.05
81.125
83.1
81.625
83.3
81.65
82.625
82.825
82.425
82.925
83.15
82.625
EACLOCK-FDW
EACLOCK-FWA
8158.9
82.325
82.325
82.425
82.9
83.1
82.675
82.675
82.2
83.625
81.95
82.4
82.3
81.85
82.725
83.65
82.5
81.775
81.45
81.85
83.225
83.125
82.55
81.5
82.075
82.65
82.3
82.275
82.475
84.575
81.975
82.95
82.175
81.9
82.2
83.1
82.425
82.9
83.75
83.125
82.075
81.725
82.525
83
82.525
84.15
82.35
83.1
83.55
83.025
81.975
82.55
82.575
83.575
83.25
83.425
82.25
83
83.025
82.45
81.975
82.35
82.625
82.9
83.175
81.125
83.125
81.725
83.15
81.85
82.625
82.95
82.425
82.975
83.05
82.75
2Q
7912
79.525
80.15
79.8
80.35
80.025
79.975
79.8
79.525
80.475
78.6
79.025
79.675
79.1
79.7
79.95
79.5
78.85
78.3
78.775
79.95
79.925
79.95
78.475
79.2
79.55
79.375
79.125
79.3
80.775
78.825
79.55
78.525
78.925
79.65
78.875
79
79.8
80.725
80.35
79
78.325
79.35
80.075
79.95
81.175
79.775
79.8
80.4
79.9
78.6
79.5
79.425
80.525
80.675
80.45
79.225
79.925
79.525
80
79.35
79.55
79.25
79.6
80.125
78.1
80.075
77.7
79.425
78.25
78.75
79.5
79.5
79.9
80.85
79.325
S3-FIFO
8043.25
81.2
80.95
81.15
81.45
80.75
81.1
81.2
80.75
82.075
79.85
80.925
81.15
80.675
80.85
81.95
80.575
80.325
79.525
80.3
81.325
81.45
81.55
79.975
80.25
80.65
80.8
80.675
80.95
82.375
80
81.15
79.725
79.9
80.65
80.875
80.05
81.125
82.25
81.525
80.875
79.75
80.7
81.475
81.075
82.6
80.6
81.325
81.85
81.425
80.15
81.225
80.75
82.55
81.9
81.675
80.925
81.4
81.05
81.4
80.275
80.7
80.525
80.8
81.55
79.425
81.4
79.475
81.075
79.9
80.375
80.825
80.775
81.4
81.225
80.625
LIRS:2000
7973.27
80.1
79.8
80.025
80.925
79.85
80.475
80.05
80.025
80.875
79.1
79.825
79.9
79.25
79.7
80.375
79.775
79.225
78.6
79.525
80.225
79.65
80.525
78.65
79.275
79.65
79.3
79.325
79.575
81.425
79.175
80.025
78.6
79.125
79.775
79.7
79.325
79.825
80.925
80.6
79.725
78.95
79.65
80.45
80.05
81.075
79.675
79.7
80.825
80.1
78.775
80.175
79.675
80.65
80.6
80.625
79.475
79.975
79.75
80.4
79.2
80.025
79.4
79.5
80.425
78.3
80.375
78.2
79.65
78.7
79.625
79.875
79.775
80
80.45
79.475
Clock Sweep
7752.07
77
77.8
77.45
78.425
78.4
77.725
77.95
77.3
78.7
77.175
77.55
77.6
77.15
77.75
78
78.075
76.775
76.3
76.75
78.025
77.875
77.825
76.45
76.95
77.35
77.575
77.575
77.3
79.275
77.65
78.2
76.55
77
77.45
76.625
76.95
77.15
78.65
78.375
77.3
75.925
77.125
77.85
77.825
79.4
77.4
78.25
78.825
78.525
76.925
78.275
77.425
78.1
79.225
78.725
77.725
78.2
77.7
77.35
77.6
76.725
76.975
77.175
78.1
76.225
78.1
75.95
78.3
76.925
76.4
77.675
77.425
78.15
78.675
77.55
ARC:2000
8013.82
79.825
79.625
79.85
80.375
79.6
80.45
79.925
79.5
80.525
78.925
79.525
79.5
78.975
79.575
80.15
79.25
79.375
78.45
79.4
79.9
79.575
80.25
78.5
79.25
79.325
79.125
79.175
79.4
81.2
79.05
79.975
78.45
78.9
79.7
79.6
79.2
79.55
80.875
80.65
79.7
78.725
79.525
80.2
80.075
81.025
79.35
79.425
80.5
79.875
78.55
79.95
79.2
80.275
80.35
80.45
79.45
79.725
79.7
80.375
79.175
79.675
79.175
79.2
80.325
78.35
80.15
78.05
79.325
78.425
79.225
79.6
79.425
79.875
80.3
79.325
EACLOCK
7384.7
75.475
74.225
76.4
74.625
74.4
74.05
73.6
74.675
73.675
75.05
75.8
75.025
76.25
74.85
74.65
74.425
74.825
74.575
75.7
74.625
73.575
74.4
73.775
74.6
74.725
74.55
74.975
76.725
76.875
75.475
75.525
75.65
74.35
73.9
74.55
74.025
74.875
73.575
75.7
75.975
74
74.525
76.025
75.05
76
74.6
75.45
76.525
76.15
74.525
74.15
74.025
75.275
75.25
74.15
74.875
74.9
73.975
75.75
74.25
75.55
74.725
74.475
76.2
75.9
75.725
74.475
75.95
74.775
76.15
75.625
75.65
74.525
76.225
75.1
EACLOCK-FDW
EACLOCK-FWA
7371.27
75.4
74.075
76.475
74.4
74.4
74.175
73.55
74.55
73.625
74.975
75.575
75.225
76.025
74.6
74.9
74.25
74.775
74.45
75.575
74.125
73.525
74.45
73.5
74.575
74.475
74.275
74.725
76.4
76.55
75.325
75.575
75.5
74.45
73.775
74.325
74
74.675
73.45
75.525
75.825
73.725
74.325
75.925
75.25
75.775
74.575
75.1
76.425
76
74.475
74.15
74
75.15
75.075
74.075
74.725
74.6
73.9
75.575
74.3
75.425
74.7
74.45
76.35
75.825
75.475
74.275
75.85
74.65
76.275
75.55
75.65
74.325
76.125
75.1
2Q
7045.45
71.4
70.05
72.8
70.775
70.35
70.175
69.925
70.5
69.75
70.75
71.65
71.35
72.725
71.1
71.225
71.075
70.95
71.175
71.6
71.4
69.825
70.95
70.425
70.425
70.6
69.975
71.2
72.4
72.725
72.15
72.625
71.25
70.525
70.225
70.075
69.8
70.6
69.85
71.85
71.625
69.875
70.175
72.275
70.675
72.075
71
70.725
72.975
72.6
69.55
70.3
69.7
70.85
70.9
70.5
71.475
71.075
69.9
72.05
69.525
71.175
70.15
70.7
72.15
72.075
71.525
71.15
71.6
71.225
72.275
71.925
71.4
70.6
71.025
70.7
S3-FIFO
7216.62
73.275
72.2
74.7
72.475
71.825
72.575
71.75
72.4
71.95
72.35
73.675
73.4
73.9
72.55
73.075
72.35
73.075
72.7
73.425
72.525
71.15
72.775
72.35
72.275
72.75
71.575
73.15
74.075
74.15
73.25
73.825
73.425
72.2
71.925
71.9
72.2
72.225
71.55
73.1
73.525
71.875
72.45
73.8
72.55
74.425
72.55
72.275
75.1
74.1
72.125
72.325
71.9
73.2
73.075
71.9
73.175
72.725
71.675
73.45
71.875
72.775
72.225
72.525
74.15
73.3
73.175
72.875
73.775
72.575
73.775
72.875
73.475
72.275
73.475
72.175
LIRS:2000
7096.48
71.75
70.925
73.25
71.3
70.475
70.35
70.05
70.95
70.475
71.05
71.35
71.55
72.9
70.975
70.975
70.75
71.175
70.95
71.675
71.15
70.075
70.1
70.6
70.5
70.65
69.925
71.85
72.175
72.95
72.425
72.55
71.475
71.1
70.675
70.55
70.55
70.975
70.575
71.825
71.825
70.05
70.2
72.225
70.725
72.425
70.975
70.6
73.65
72.65
70.2
70.575
70.025
71.2
70.975
70.775
71.85
71.25
69.825
71.85
69.7
71.675
70.725
70.925
72.275
71.875
71.275
71.05
71.725
71.575
72.45
71.875
71.8
70.275
71.15
70.275
Clock Sweep
6795.27
68.8
67.625
69.85
68.3
67.475
67.075
67.675
67.275
67.65
67.875
69.375
68.375
68.9
68.65
67.7
68.225
68
67.475
69.2
68.325
67.525
67.925
68.025
67.425
68.45
67.05
68.325
69.4
70
69.425
70.225
68.75
67.525
68.125
67
66.625
68.225
67.275
69.225
68.85
66.775
67.1
68.825
68.15
69.85
67.7
67.525
70.325
70.425
67.5
67.875
67.4
68.3
67.675
68.1
68.15
68.275
67.775
68.875
67.075
68.075
67.6
67.875
69.65
68.375
69.175
68.075
68.1
68.45
69.325
68.225
68.65
67.5
68.9
68.375
ARC:2000
7138.02
71.475
70.7
73.075
71.025
70.025
70.275
69.65
70.825
70.325
71.3
71.4
71.35
73.125
71.175
70.75
70.575
71.125
70.725
71.7
70.95
69.925
69.95
70.75
70.4
70.75
69.6
71.775
71.8
72.75
72.075
72.525
71.175
70.775
70.575
70.525
70.15
70.8
70.25
71.775
71.8
70.025
70.275
72
70.675
72.4
71
70.225
73.3
72.4
70.15
70.275
69.625
70.925
70.875
70.475
71.725
71.05
69.975
71.6
69.35
71.425
70.675
70.7
72.125
71.75
71.425
70.875
71.55
71.45
72.025
71.5
71.5
70.05
70.9
70.325
EACLOCK
7384.7
75.475
74.225
76.4
74.625
74.4
74.05
73.6
74.675
73.675
75.05
75.8
75.025
76.25
74.85
74.65
74.425
74.825
74.575
75.7
74.625
73.575
74.4
73.775
74.6
74.725
74.55
74.975
76.725
76.875
75.475
75.525
75.65
74.35
73.9
74.55
74.025
74.875
73.575
75.7
75.975
74
74.525
76.025
75.05
76
74.6
75.45
76.525
76.15
74.525
74.15
74.025
75.275
75.25
74.15
74.875
74.9
73.975
75.75
74.25
75.55
74.725
74.475
76.2
75.9
75.725
74.475
75.95
74.775
76.15
75.625
75.65
74.525
76.225
75.1
EACLOCK-FDW
EACLOCK-FWA
7371.27
75.4
74.075
76.475
74.4
74.4
74.175
73.55
74.55
73.625
74.975
75.575
75.225
76.025
74.6
74.9
74.25
74.775
74.45
75.575
74.125
73.525
74.45
73.5
74.575
74.475
74.275
74.725
76.4
76.55
75.325
75.575
75.5
74.45
73.775
74.325
74
74.675
73.45
75.525
75.825
73.725
74.325
75.925
75.25
75.775
74.575
75.1
76.425
76
74.475
74.15
74
75.15
75.075
74.075
74.725
74.6
73.9
75.575
74.3
75.425
74.7
74.45
76.35
75.825
75.475
74.275
75.85
74.65
76.275
75.55
75.65
74.325
76.125
75.1
2Q
7045.45
71.4
70.05
72.8
70.775
70.35
70.175
69.925
70.5
69.75
70.75
71.65
71.35
72.725
71.1
71.225
71.075
70.95
71.175
71.6
71.4
69.825
70.95
70.425
70.425
70.6
69.975
71.2
72.4
72.725
72.15
72.625
71.25
70.525
70.225
70.075
69.8
70.6
69.85
71.85
71.625
69.875
70.175
72.275
70.675
72.075
71
70.725
72.975
72.6
69.55
70.3
69.7
70.85
70.9
70.5
71.475
71.075
69.9
72.05
69.525
71.175
70.15
70.7
72.15
72.075
71.525
71.15
71.6
71.225
72.275
71.925
71.4
70.6
71.025
70.7
S3-FIFO
7216.62
73.275
72.2
74.7
72.475
71.825
72.575
71.75
72.4
71.95
72.35
73.675
73.4
73.9
72.55
73.075
72.35
73.075
72.7
73.425
72.525
71.15
72.775
72.35
72.275
72.75
71.575
73.15
74.075
74.15
73.25
73.825
73.425
72.2
71.925
71.9
72.2
72.225
71.55
73.1
73.525
71.875
72.45
73.8
72.55
74.425
72.55
72.275
75.1
74.1
72.125
72.325
71.9
73.2
73.075
71.9
73.175
72.725
71.675
73.45
71.875
72.775
72.225
72.525
74.15
73.3
73.175
72.875
73.775
72.575
73.775
72.875
73.475
72.275
73.475
72.175
LIRS:2000
7096.48
71.75
70.925
73.25
71.3
70.475
70.35
70.05
70.95
70.475
71.05
71.35
71.55
72.9
70.975
70.975
70.75
71.175
70.95
71.675
71.15
70.075
70.1
70.6
70.5
70.65
69.925
71.85
72.175
72.95
72.425
72.55
71.475
71.1
70.675
70.55
70.55
70.975
70.575
71.825
71.825
70.05
70.2
72.225
70.725
72.425
70.975
70.6
73.65
72.65
70.2
70.575
70.025
71.2
70.975
70.775
71.85
71.25
69.825
71.85
69.7
71.675
70.725
70.925
72.275
71.875
71.275
71.05
71.725
71.575
72.45
71.875
71.8
70.275
71.15
70.275
Clock Sweep
6795.27
68.8
67.625
69.85
68.3
67.475
67.075
67.675
67.275
67.65
67.875
69.375
68.375
68.9
68.65
67.7
68.225
68
67.475
69.2
68.325
67.525
67.925
68.025
67.425
68.45
67.05
68.325
69.4
70
69.425
70.225
68.75
67.525
68.125
67
66.625
68.225
67.275
69.225
68.85
66.775
67.1
68.825
68.15
69.85
67.7
67.525
70.325
70.425
67.5
67.875
67.4
68.3
67.675
68.1
68.15
68.275
67.775
68.875
67.075
68.075
67.6
67.875
69.65
68.375
69.175
68.075
68.1
68.45
69.325
68.225
68.65
67.5
68.9
68.375
ARC:2000
7138.02
71.475
70.7
73.075
71.025
70.025
70.275
69.65
70.825
70.325
71.3
71.4
71.35
73.125
71.175
70.75
70.575
71.125
70.725
71.7
70.95
69.925
69.95
70.75
70.4
70.75
69.6
71.775
71.8
72.75
72.075
72.525
71.175
70.775
70.575
70.525
70.15
70.8
70.25
71.775
71.8
70.025
70.275
72
70.675
72.4
71
70.225
73.3
72.4
70.15
70.275
69.625
70.925
70.875
70.475
71.725
71.05
69.975
71.6
69.35
71.425
70.675
70.7
72.125
71.75
71.425
70.875
71.55
71.45
72.025
71.5
71.5
70.05
70.9
70.325
EACLOCK
7384.7
75.475
74.225
76.4
74.625
74.4
74.05
73.6
74.675
73.675
75.05
75.8
75.025
76.25
74.85
74.65
74.425
74.825
74.575
75.7
74.625
73.575
74.4
73.775
74.6
74.725
74.55
74.975
76.725
76.875
75.475
75.525
75.65
74.35
73.9
74.55
74.025
74.875
73.575
75.7
75.975
74
74.525
76.025
75.05
76
74.6
75.45
76.525
76.15
74.525
74.15
74.025
75.275
75.25
74.15
74.875
74.9
73.975
75.75
74.25
75.55
74.725
74.475
76.2
75.9
75.725
74.475
75.95
74.775
76.15
75.625
75.65
74.525
76.225
75.1
EACLOCK-FDW
EACLOCK-FWA
7371.27
75.4
74.075
76.475
74.4
74.4
74.175
73.55
74.55
73.625
74.975
75.575
75.225
76.025
74.6
74.9
74.25
74.775
74.45
75.575
74.125
73.525
74.45
73.5
74.575
74.475
74.275
74.725
76.4
76.55
75.325
75.575
75.5
74.45
73.775
74.325
74
74.675
73.45
75.525
75.825
73.725
74.325
75.925
75.25
75.775
74.575
75.1
76.425
76
74.475
74.15
74
75.15
75.075
74.075
74.725
74.6
73.9
75.575
74.3
75.425
74.7
74.45
76.35
75.825
75.475
74.275
75.85
74.65
76.275
75.55
75.65
74.325
76.125
75.1
2Q
7045.45
71.4
70.05
72.8
70.775
70.35
70.175
69.925
70.5
69.75
70.75
71.65
71.35
72.725
71.1
71.225
71.075
70.95
71.175
71.6
71.4
69.825
70.95
70.425
70.425
70.6
69.975
71.2
72.4
72.725
72.15
72.625
71.25
70.525
70.225
70.075
69.8
70.6
69.85
71.85
71.625
69.875
70.175
72.275
70.675
72.075
71
70.725
72.975
72.6
69.55
70.3
69.7
70.85
70.9
70.5
71.475
71.075
69.9
72.05
69.525
71.175
70.15
70.7
72.15
72.075
71.525
71.15
71.6
71.225
72.275
71.925
71.4
70.6
71.025
70.7
S3-FIFO
7216.62
73.275
72.2
74.7
72.475
71.825
72.575
71.75
72.4
71.95
72.35
73.675
73.4
73.9
72.55
73.075
72.35
73.075
72.7
73.425
72.525
71.15
72.775
72.35
72.275
72.75
71.575
73.15
74.075
74.15
73.25
73.825
73.425
72.2
71.925
71.9
72.2
72.225
71.55
73.1
73.525
71.875
72.45
73.8
72.55
74.425
72.55
72.275
75.1
74.1
72.125
72.325
71.9
73.2
73.075
71.9
73.175
72.725
71.675
73.45
71.875
72.775
72.225
72.525
74.15
73.3
73.175
72.875
73.775
72.575
73.775
72.875
73.475
72.275
73.475
72.175
LIRS:2000
7096.48
71.75
70.925
73.25
71.3
70.475
70.35
70.05
70.95
70.475
71.05
71.35
71.55
72.9
70.975
70.975
70.75
71.175
70.95
71.675
71.15
70.075
70.1
70.6
70.5
70.65
69.925
71.85
72.175
72.95
72.425
72.55
71.475
71.1
70.675
70.55
70.55
70.975
70.575
71.825
71.825
70.05
70.2
72.225
70.725
72.425
70.975
70.6
73.65
72.65
70.2
70.575
70.025
71.2
70.975
70.775
71.85
71.25
69.825
71.85
69.7
71.675
70.725
70.925
72.275
71.875
71.275
71.05
71.725
71.575
72.45
71.875
71.8
70.275
71.15
70.275
Clock Sweep
6795.27
68.8
67.625
69.85
68.3
67.475
67.075
67.675
67.275
67.65
67.875
69.375
68.375
68.9
68.65
67.7
68.225
68
67.475
69.2
68.325
67.525
67.925
68.025
67.425
68.45
67.05
68.325
69.4
70
69.425
70.225
68.75
67.525
68.125
67
66.625
68.225
67.275
69.225
68.85
66.775
67.1
68.825
68.15
69.85
67.7
67.525
70.325
70.425
67.5
67.875
67.4
68.3
67.675
68.1
68.15
68.275
67.775
68.875
67.075
68.075
67.6
67.875
69.65
68.375
69.175
68.075
68.1
68.45
69.325
68.225
68.65
67.5
68.9
68.375
ARC:2000
7138.02
71.475
70.7
73.075
71.025
70.025
70.275
69.65
70.825
70.325
71.3
71.4
71.35
73.125
71.175
70.75
70.575
71.125
70.725
71.7
70.95
69.925
69.95
70.75
70.4
70.75
69.6
71.775
71.8
72.75
72.075
72.525
71.175
70.775
70.575
70.525
70.15
70.8
70.25
71.775
71.8
70.025
70.275
72
70.675
72.4
71
70.225
73.3
72.4
70.15
70.275
69.625
70.925
70.875
70.475
71.725
71.05
69.975
71.6
69.35
71.425
70.675
70.7
72.125
71.75
71.425
70.875
71.55
71.45
72.025
71.5
71.5
70.05
70.9
70.325
EACLOCK
7384.7
75.475
74.225
76.4
74.625
74.4
74.05
73.6
74.675
73.675
75.05
75.8
75.025
76.25
74.85
74.65
74.425
74.825
74.575
75.7
74.625
73.575
74.4
73.775
74.6
74.725
74.55
74.975
76.725
76.875
75.475
75.525
75.65
74.35
73.9
74.55
74.025
74.875
73.575
75.7
75.975
74
74.525
76.025
75.05
76
74.6
75.45
76.525
76.15
74.525
74.15
74.025
75.275
75.25
74.15
74.875
74.9
73.975
75.75
74.25
75.55
74.725
74.475
76.2
75.9
75.725
74.475
75.95
74.775
76.15
75.625
75.65
74.525
76.225
75.1
EACLOCK-FDW
EACLOCK-FWA
7371.27
75.4
74.075
76.475
74.4
74.4
74.175
73.55
74.55
73.625
74.975
75.575
75.225
76.025
74.6
74.9
74.25
74.775
74.45
75.575
74.125
73.525
74.45
73.5
74.575
74.475
74.275
74.725
76.4
76.55
75.325
75.575
75.5
74.45
73.775
74.325
74
74.675
73.45
75.525
75.825
73.725
74.325
75.925
75.25
75.775
74.575
75.1
76.425
76
74.475
74.15
74
75.15
75.075
74.075
74.725
74.6
73.9
75.575
74.3
75.425
74.7
74.45
76.35
75.825
75.475
74.275
75.85
74.65
76.275
75.55
75.65
74.325
76.125
75.1
2Q
7045.45
71.4
70.05
72.8
70.775
70.35
70.175
69.925
70.5
69.75
70.75
71.65
71.35
72.725
71.1
71.225
71.075
70.95
71.175
71.6
71.4
69.825
70.95
70.425
70.425
70.6
69.975
71.2
72.4
72.725
72.15
72.625
71.25
70.525
70.225
70.075
69.8
70.6
69.85
71.85
71.625
69.875
70.175
72.275
70.675
72.075
71
70.725
72.975
72.6
69.55
70.3
69.7
70.85
70.9
70.5
71.475
71.075
69.9
72.05
69.525
71.175
70.15
70.7
72.15
72.075
71.525
71.15
71.6
71.225
72.275
71.925
71.4
70.6
71.025
70.7
S3-FIFO
7216.62
73.275
72.2
74.7
72.475
71.825
72.575
71.75
72.4
71.95
72.35
73.675
73.4
73.9
72.55
73.075
72.35
73.075
72.7
73.425
72.525
71.15
72.775
72.35
72.275
72.75
71.575
73.15
74.075
74.15
73.25
73.825
73.425
72.2
71.925
71.9
72.2
72.225
71.55
73.1
73.525
71.875
72.45
73.8
72.55
74.425
72.55
72.275
75.1
74.1
72.125
72.325
71.9
73.2
73.075
71.9
73.175
72.725
71.675
73.45
71.875
72.775
72.225
72.525
74.15
73.3
73.175
72.875
73.775
72.575
73.775
72.875
73.475
72.275
73.475
72.175
LIRS:2000
7096.48
71.75
70.925
73.25
71.3
70.475
70.35
70.05
70.95
70.475
71.05
71.35
71.55
72.9
70.975
70.975
70.75
71.175
70.95
71.675
71.15
70.075
70.1
70.6
70.5
70.65
69.925
71.85
72.175
72.95
72.425
72.55
71.475
71.1
70.675
70.55
70.55
70.975
70.575
71.825
71.825
70.05
70.2
72.225
70.725
72.425
70.975
70.6
73.65
72.65
70.2
70.575
70.025
71.2
70.975
70.775
71.85
71.25
69.825
71.85
69.7
71.675
70.725
70.925
72.275
71.875
71.275
71.05
71.725
71.575
72.45
71.875
71.8
70.275
71.15
70.275
Clock Sweep
6795.27
68.8
67.625
69.85
68.3
67.475
67.075
67.675
67.275
67.65
67.875
69.375
68.375
68.9
68.65
67.7
68.225
68
67.475
69.2
68.325
67.525
67.925
68.025
67.425
68.45
67.05
68.325
69.4
70
69.425
70.225
68.75
67.525
68.125
67
66.625
68.225
67.275
69.225
68.85
66.775
67.1
68.825
68.15
69.85
67.7
67.525
70.325
70.425
67.5
67.875
67.4
68.3
67.675
68.1
68.15
68.275
67.775
68.875
67.075
68.075
67.6
67.875
69.65
68.375
69.175
68.075
68.1
68.45
69.325
68.225
68.65
67.5
68.9
68.375
ARC:2000
7138.02
71.475
70.7
73.075
71.025
70.025
70.275
69.65
70.825
70.325
71.3
71.4
71.35
73.125
71.175
70.75
70.575
71.125
70.725
71.7
70.95
69.925
69.95
70.75
70.4
70.75
69.6
71.775
71.8
72.75
72.075
72.525
71.175
70.775
70.575
70.525
70.15
70.8
70.25
71.775
71.8
70.025
70.275
72
70.675
72.4
71
70.225
73.3
72.4
70.15
70.275
69.625
70.925
70.875
70.475
71.725
71.05
69.975
71.6
69.35
71.425
70.675
70.7
72.125
71.75
71.425
70.875
71.55
71.45
72.025
71.5
71.5
70.05
70.9
70.325
EACLOCK
7384.7
75.475
74.225
76.4
74.625
74.4
74.05
73.6
74.675
73.675
75.05
75.8
75.025
76.25
74.85
74.65
74.425
74.825
74.575
75.7
74.625
73.575
74.4
73.775
74.6
74.725
74.55
74.975
76.725
76.875
75.475
75.525
75.65
74.35
73.9
74.55
74.025
74.875
73.575
75.7
75.975
74
74.525
76.025
75.05
76
74.6
75.45
76.525
76.15
74.525
74.15
74.025
75.275
75.25
74.15
74.875
74.9
73.975
75.75
74.25
75.55
74.725
74.475
76.2
75.9
75.725
74.475
75.95
74.775
76.15
75.625
75.65
74.525
76.225
75.1
EACLOCK-FDW
EACLOCK-FWA
7371.27
75.4
74.075
76.475
74.4
74.4
74.175
73.55
74.55
73.625
74.975
75.575
75.225
76.025
74.6
74.9
74.25
74.775
74.45
75.575
74.125
73.525
74.45
73.5
74.575
74.475
74.275
74.725
76.4
76.55
75.325
75.575
75.5
74.45
73.775
74.325
74
74.675
73.45
75.525
75.825
73.725
74.325
75.925
75.25
75.775
74.575
75.1
76.425
76
74.475
74.15
74
75.15
75.075
74.075
74.725
74.6
73.9
75.575
74.3
75.425
74.7
74.45
76.35
75.825
75.475
74.275
75.85
74.65
76.275
75.55
75.65
74.325
76.125
75.1
2Q
7045.45
71.4
70.05
72.8
70.775
70.35
70.175
69.925
70.5
69.75
70.75
71.65
71.35
72.725
71.1
71.225
71.075
70.95
71.175
71.6
71.4
69.825
70.95
70.425
70.425
70.6
69.975
71.2
72.4
72.725
72.15
72.625
71.25
70.525
70.225
70.075
69.8
70.6
69.85
71.85
71.625
69.875
70.175
72.275
70.675
72.075
71
70.725
72.975
72.6
69.55
70.3
69.7
70.85
70.9
70.5
71.475
71.075
69.9
72.05
69.525
71.175
70.15
70.7
72.15
72.075
71.525
71.15
71.6
71.225
72.275
71.925
71.4
70.6
71.025
70.7
S3-FIFO
7216.62
73.275
72.2
74.7
72.475
71.825
72.575
71.75
72.4
71.95
72.35
73.675
73.4
73.9
72.55
73.075
72.35
73.075
72.7
73.425
72.525
71.15
72.775
72.35
72.275
72.75
71.575
73.15
74.075
74.15
73.25
73.825
73.425
72.2
71.925
71.9
72.2
72.225
71.55
73.1
73.525
71.875
72.45
73.8
72.55
74.425
72.55
72.275
75.1
74.1
72.125
72.325
71.9
73.2
73.075
71.9
73.175
72.725
71.675
73.45
71.875
72.775
72.225
72.525
74.15
73.3
73.175
72.875
73.775
72.575
73.775
72.875
73.475
72.275
73.475
72.175
LIRS:2000
7096.48
71.75
70.925
73.25
71.3
70.475
70.35
70.05
70.95
70.475
71.05
71.35
71.55
72.9
70.975
70.975
70.75
71.175
70.95
71.675
71.15
70.075
70.1
70.6
70.5
70.65
69.925
71.85
72.175
72.95
72.425
72.55
71.475
71.1
70.675
70.55
70.55
70.975
70.575
71.825
71.825
70.05
70.2
72.225
70.725
72.425
70.975
70.6
73.65
72.65
70.2
70.575
70.025
71.2
70.975
70.775
71.85
71.25
69.825
71.85
69.7
71.675
70.725
70.925
72.275
71.875
71.275
71.05
71.725
71.575
72.45
71.875
71.8
70.275
71.15
70.275
Clock Sweep
6795.27
68.8
67.625
69.85
68.3
67.475
67.075
67.675
67.275
67.65
67.875
69.375
68.375
68.9
68.65
67.7
68.225
68
67.475
69.2
68.325
67.525
67.925
68.025
67.425
68.45
67.05
68.325
69.4
70
69.425
70.225
68.75
67.525
68.125
67
66.625
68.225
67.275
69.225
68.85
66.775
67.1
68.825
68.15
69.85
67.7
67.525
70.325
70.425
67.5
67.875
67.4
68.3
67.675
68.1
68.15
68.275
67.775
68.875
67.075
68.075
67.6
67.875
69.65
68.375
69.175
68.075
68.1
68.45
69.325
68.225
68.65
67.5
68.9
68.375
ARC:2000
7138.02
71.475
70.7
73.075
71.025
70.025
70.275
69.65
70.825
70.325
71.3
71.4
71.35
73.125
71.175
70.75
70.575
71.125
70.725
71.7
70.95
69.925
69.95
70.75
70.4
70.75
69.6
71.775
71.8
72.75
72.075
72.525
71.175
70.775
70.575
70.525
70.15
70.8
70.25
71.775
71.8
70.025
70.275
72
70.675
72.4
71
70.225
73.3
72.4
70.15
70.275
69.625
70.925
70.875
70.475
71.725
71.05
69.975
71.6
69.35
71.425
70.675
70.7
72.125
71.75
71.425
70.875
71.55
71.45
72.025
71.5
71.5
70.05
70.9
70.325
EACLOCK
7384.7
75.475
74.225
76.4
74.625
74.4
74.05
73.6
74.675
73.675
75.05
75.8
75.025
76.25
74.85
74.65
74.425
74.825
74.575
75.7
74.625
73.575
74.4
73.775
74.6
74.725
74.55
74.975
76.725
76.875
75.475
75.525
75.65
74.35
73.9
74.55
74.025
74.875
73.575
75.7
75.975
74
74.525
76.025
75.05
76
74.6
75.45
76.525
76.15
74.525
74.15
74.025
75.275
75.25
74.15
74.875
74.9
73.975
75.75
74.25
75.55
74.725
74.475
76.2
75.9
75.725
74.475
75.95
74.775
76.15
75.625
75.65
74.525
76.225
75.1
EACLOCK-FDW
EACLOCK-FWA
7371.27
75.4
74.075
76.475
74.4
74.4
74.175
73.55
74.55
73.625
74.975
75.575
75.225
76.025
74.6
74.9
74.25
74.775
74.45
75.575
74.125
73.525
74.45
73.5
74.575
74.475
74.275
74.725
76.4
76.55
75.325
75.575
75.5
74.45
73.775
74.325
74
74.675
73.45
75.525
75.825
73.725
74.325
75.925
75.25
75.775
74.575
75.1
76.425
76
74.475
74.15
74
75.15
75.075
74.075
74.725
74.6
73.9
75.575
74.3
75.425
74.7
74.45
76.35
75.825
75.475
74.275
75.85
74.65
76.275
75.55
75.65
74.325
76.125
75.1
2Q
7045.45
71.4
70.05
72.8
70.775
70.35
70.175
69.925
70.5
69.75
70.75
71.65
71.35
72.725
71.1
71.225
71.075
70.95
71.175
71.6
71.4
69.825
70.95
70.425
70.425
70.6
69.975
71.2
72.4
72.725
72.15
72.625
71.25
70.525
70.225
70.075
69.8
70.6
69.85
71.85
71.625
69.875
70.175
72.275
70.675
72.075
71
70.725
72.975
72.6
69.55
70.3
69.7
70.85
70.9
70.5
71.475
71.075
69.9
72.05
69.525
71.175
70.15
70.7
72.15
72.075
71.525
71.15
71.6
71.225
72.275
71.925
71.4
70.6
71.025
70.7
S3-FIFO
7216.62
73.275
72.2
74.7
72.475
71.825
72.575
71.75
72.4
71.95
72.35
73.675
73.4
73.9
72.55
73.075
72.35
73.075
72.7
73.425
72.525
71.15
72.775
72.35
72.275
72.75
71.575
73.15
74.075
74.15
73.25
73.825
73.425
72.2
71.925
71.9
72.2
72.225
71.55
73.1
73.525
71.875
72.45
73.8
72.55
74.425
72.55
72.275
75.1
74.1
72.125
72.325
71.9
73.2
73.075
71.9
73.175
72.725
71.675
73.45
71.875
72.775
72.225
72.525
74.15
73.3
73.175
72.875
73.775
72.575
73.775
72.875
73.475
72.275
73.475
72.175
LIRS:2000
7096.48
71.75
70.925
73.25
71.3
70.475
70.35
70.05
70.95
70.475
71.05
71.35
71.55
72.9
70.975
70.975
70.75
71.175
70.95
71.675
71.15
70.075
70.1
70.6
70.5
70.65
69.925
71.85
72.175
72.95
72.425
72.55
71.475
71.1
70.675
70.55
70.55
70.975
70.575
71.825
71.825
70.05
70.2
72.225
70.725
72.425
70.975
70.6
73.65
72.65
70.2
70.575
70.025
71.2
70.975
70.775
71.85
71.25
69.825
71.85
69.7
71.675
70.725
70.925
72.275
71.875
71.275
71.05
71.725
71.575
72.45
71.875
71.8
70.275
71.15
70.275
Clock Sweep
6795.27
68.8
67.625
69.85
68.3
67.475
67.075
67.675
67.275
67.65
67.875
69.375
68.375
68.9
68.65
67.7
68.225
68
67.475
69.2
68.325
67.525
67.925
68.025
67.425
68.45
67.05
68.325
69.4
70
69.425
70.225
68.75
67.525
68.125
67
66.625
68.225
67.275
69.225
68.85
66.775
67.1
68.825
68.15
69.85
67.7
67.525
70.325
70.425
67.5
67.875
67.4
68.3
67.675
68.1
68.15
68.275
67.775
68.875
67.075
68.075
67.6
67.875
69.65
68.375
69.175
68.075
68.1
68.45
69.325
68.225
68.65
67.5
68.9
68.375
ARC:2000
7138.02
71.475
70.7
73.075
71.025
70.025
70.275
69.65
70.825
70.325
71.3
71.4
71.35
73.125
71.175
70.75
70.575
71.125
70.725
71.7
70.95
69.925
69.95
70.75
70.4
70.75
69.6
71.775
71.8
72.75
72.075
72.525
71.175
70.775
70.575
70.525
70.15
70.8
70.25
71.775
71.8
70.025
70.275
72
70.675
72.4
71
70.225
73.3
72.4
70.15
70.275
69.625
70.925
70.875
70.475
71.725
71.05
69.975
71.6
69.35
71.425
70.675
70.7
72.125
71.75
71.425
70.875
71.55
71.45
72.025
71.5
71.5
70.05
70.9
70.325
EACLOCK
7384.7
75.475
74.225
76.4
74.625
74.4
74.05
73.6
74.675
73.675
75.05
75.8
75.025
76.25
74.85
74.65
74.425
74.825
74.575
75.7
74.625
73.575
74.4
73.775
74.6
74.725
74.55
74.975
76.725
76.875
75.475
75.525
75.65
74.35
73.9
74.55
74.025
74.875
73.575
75.7
75.975
74
74.525
76.025
75.05
76
74.6
75.45
76.525
76.15
74.525
74.15
74.025
75.275
75.25
74.15
74.875
74.9
73.975
75.75
74.25
75.55
74.725
74.475
76.2
75.9
75.725
74.475
75.95
74.775
76.15
75.625
75.65
74.525
76.225
75.1
EACLOCK-FDW
EACLOCK-FWA
7371.27
75.4
74.075
76.475
74.4
74.4
74.175
73.55
74.55
73.625
74.975
75.575
75.225
76.025
74.6
74.9
74.25
74.775
74.45
75.575
74.125
73.525
74.45
73.5
74.575
74.475
74.275
74.725
76.4
76.55
75.325
75.575
75.5
74.45
73.775
74.325
74
74.675
73.45
75.525
75.825
73.725
74.325
75.925
75.25
75.775
74.575
75.1
76.425
76
74.475
74.15
74
75.15
75.075
74.075
74.725
74.6
73.9
75.575
74.3
75.425
74.7
74.45
76.35
75.825
75.475
74.275
75.85
74.65
76.275
75.55
75.65
74.325
76.125
75.1
2Q
7045.45
71.4
70.05
72.8
70.775
70.35
70.175
69.925
70.5
69.75
70.75
71.65
71.35
72.725
71.1
71.225
71.075
70.95
71.175
71.6
71.4
69.825
70.95
70.425
70.425
70.6
69.975
71.2
72.4
72.725
72.15
72.625
71.25
70.525
70.225
70.075
69.8
70.6
69.85
71.85
71.625
69.875
70.175
72.275
70.675
72.075
71
70.725
72.975
72.6
69.55
70.3
69.7
70.85
70.9
70.5
71.475
71.075
69.9
72.05
69.525
71.175
70.15
70.7
72.15
72.075
71.525
71.15
71.6
71.225
72.275
71.925
71.4
70.6
71.025
70.7
S3-FIFO
7216.62
73.275
72.2
74.7
72.475
71.825
72.575
71.75
72.4
71.95
72.35
73.675
73.4
73.9
72.55
73.075
72.35
73.075
72.7
73.425
72.525
71.15
72.775
72.35
72.275
72.75
71.575
73.15
74.075
74.15
73.25
73.825
73.425
72.2
71.925
71.9
72.2
72.225
71.55
73.1
73.525
71.875
72.45
73.8
72.55
74.425
72.55
72.275
75.1
74.1
72.125
72.325
71.9
73.2
73.075
71.9
73.175
72.725
71.675
73.45
71.875
72.775
72.225
72.525
74.15
73.3
73.175
72.875
73.775
72.575
73.775
72.875
73.475
72.275
73.475
72.175
LIRS:2000
7096.48
71.75
70.925
73.25
71.3
70.475
70.35
70.05
70.95
70.475
71.05
71.35
71.55
72.9
70.975
70.975
70.75
71.175
70.95
71.675
71.15
70.075
70.1
70.6
70.5
70.65
69.925
71.85
72.175
72.95
72.425
72.55
71.475
71.1
70.675
70.55
70.55
70.975
70.575
71.825
71.825
70.05
70.2
72.225
70.725
72.425
70.975
70.6
73.65
72.65
70.2
70.575
70.025
71.2
70.975
70.775
71.85
71.25
69.825
71.85
69.7
71.675
70.725
70.925
72.275
71.875
71.275
71.05
71.725
71.575
72.45
71.875
71.8
70.275
71.15
70.275
Clock Sweep
6795.27
68.8
67.625
69.85
68.3
67.475
67.075
67.675
67.275
67.65
67.875
69.375
68.375
68.9
68.65
67.7
68.225
68
67.475
69.2
68.325
67.525
67.925
68.025
67.425
68.45
67.05
68.325
69.4
70
69.425
70.225
68.75
67.525
68.125
67
66.625
68.225
67.275
69.225
68.85
66.775
67.1
68.825
68.15
69.85
67.7
67.525
70.325
70.425
67.5
67.875
67.4
68.3
67.675
68.1
68.15
68.275
67.775
68.875
67.075
68.075
67.6
67.875
69.65
68.375
69.175
68.075
68.1
68.45
69.325
68.225
68.65
67.5
68.9
68.375
ARC:2000
7138.02
71.475
70.7
73.075
71.025
70.025
70.275
69.65
70.825
70.325
71.3
71.4
71.35
73.125
71.175
70.75
70.575
71.125
70.725
71.7
70.95
69.925
69.95
70.75
70.4
70.75
69.6
71.775
71.8
72.75
72.075
72.525
71.175
70.775
70.575
70.525
70.15
70.8
70.25
71.775
71.8
70.025
70.275
72
70.675
72.4
71
70.225
73.3
72.4
70.15
70.275
69.625
70.925
70.875
70.475
71.725
71.05
69.975
71.6
69.35
71.425
70.675
70.7
72.125
71.75
71.425
70.875
71.55
71.45
72.025
71.5
71.5
70.05
70.9
70.325
EACLOCK
9224.27
92.15
91.7
93.325
92.05
92.6
91.9
92.275
92.875
92.075
90.625
91.7
92.9
92.75
93.125
92.425
91.375
90.075
91.4
91.725
89.775
91.375
90.85
92.225
90.775
94.325
91.675
91.25
91.95
92.725
92.275
90.6
90.325
92.3
92.35
92.875
91.875
91.025
91.175
90.35
91.95
91.775
94.425
91.975
90.45
91.075
90.025
92.1
91.55
91.375
91.5
92.975
90.8
91.4
92.15
90.75
91.9
92.825
90
92
92.025
90.525
91.725
92.9
91.575
90.875
89.5
90.575
90.5
92.2
92.125
90.875
91.925
89.9
92.05
92
EACLOCK-FDW
EACLOCK-FWA
9212.85
92.125
91.65
93.15
91.85
92.65
92.075
92.25
92.675
92
90.675
90.8
92.45
92.15
92.625
92.425
91.55
90.075
91.575
91.375
89.85
91.675
90.7
91.75
90.65
94.3
91.5
90.875
91.575
92.775
92.3
90.375
90.05
92.175
91.775
92.75
91.625
91.1
90.975
90.425
91.925
91.375
94.3
91.95
89.925
90.825
89.95
92.225
91.5
91.4
91.225
92.375
90.625
90.975
92.325
90.3
91.175
92.525
90.1
91.15
92.05
90.125
90.7
91.675
91.2
90.65
89.5
90.675
90.15
91.275
91.65
90.675
90.9
89.375
92.1
91.45
2Q
9200.92
93.125
92.3
93.325
92.55
93.475
92.65
92.075
94.425
92.525
90.175
91.1
92.3
94.025
92.7
92.125
92.375
91.925
92.825
91.65
90.825
92.7
91.05
92.4
91.4
93.3
92.85
91.975
95.775
93.075
92.875
90.975
91.25
93.55
92.925
93.3
91.95
91.075
91.675
92
92.95
91.225
95.425
92.8
90.9
91.25
91.275
92.825
91.9
92.45
91.775
95.475
91.725
91.65
93.15
91.025
92.825
93.85
90.675
93.3
94.1
90.675
92.675
93.1
92.225
91.675
89.625
92.475
91.075
92.75
95.175
91.425
92.125
90.675
92.625
91.725
S3-FIFO
9210.8
92.3
92.275
93.7
92.9
93.275
92.65
93.95
94.4
93.375
90.85
91.5
92.125
93.975
93.275
92.25
92.375
92.1
93.4
91.975
90.975
92.975
91.675
92.675
91.025
93.525
93.075
92.275
95.825
93.025
92.675
91.575
90.875
93.95
92.75
94.15
91.775
91.325
90.75
90.675
93.85
92.525
95.425
92.825
93.6
91.85
90.975
92.975
92.175
92
92.25
95.875
91.875
91.675
93.125
92.025
93.05
93.25
90.725
92.875
93.8
92.125
92.75
93.275
92.125
92.3
90.175
92.3
91.675
91.95
95.55
92.05
92.6
90.5
92.95
91.8
LIRS:2000
9294.88
93.95
92.425
94.05
93.35
93.4
92.825
93
93.6
93.775
91.65
92.75
94.575
94.425
94.05
93.65
92.375
92.25
91.65
92.75
90.7
92.85
92.4
93.725
91.6
95.55
93.45
93.7
95.075
93.125
92.625
92.825
92.35
94.3
93.875
93.9
92.875
92.125
93.925
92.3
94.875
93.375
95.6
93.35
94.525
92.975
92.55
92.65
91.9
91.775
93.025
95.225
92.025
92.875
93.075
92.15
93.7
94.875
90.875
94.8
93.475
91.9
94.825
95.25
93.4
93.15
91.775
92.375
91.35
95.475
96.175
91.875
93.8
90.95
92.55
92.825
Clock Sweep
9185.83
91.4
91.675
92.525
91.6
92.625
91.575
93.375
93.65
92.65
90.2
89.425
92.1
93.525
92.7
92.825
91.375
91.275
92.925
92.025
90.3
92.4
90.825
92.025
90.075
93.925
91.875
91.55
96.25
92.95
92.175
91.25
90.575
94.075
91.9
93.475
91.225
90.925
90.625
90.875
92.95
91.275
95.225
92
90
90.85
89.95
92.3
91.375
91.525
91.45
95.95
91.1
91.475
92.225
90.25
92.675
93.2
89.975
92.05
93.725
90.45
90.75
92.225
91.225
90.475
89.05
92.575
90.625
91.475
95.075
91.4
92.575
90.3
92.225
91.675
ARC:2000
9329.02
92.2
92.3
94.25
92.775
93.325
92.7
92.975
93.175
93.4
91.475
92.475
94.075
94.225
94.05
93.225
91.9
91.025
91.65
92.9
90.9
93.05
91.325
93.625
91.175
95.475
93.275
92.25
95.125
93.025
92.625
92.5
91.975
93.825
92.975
93.5
92.775
91.825
93.025
92.25
94.625
93.275
95.425
92.85
93.325
92.525
92.6
92.475
91.675
91.725
93.05
95.125
91.925
92.6
92.85
92.1
93.6
95
90.775
94.725
93.125
91.625
92.7
94.7
93.15
93.225
91.5
92.3
91.475
95.05
95.975
92.075
93.55
90.85
92.45
92.5
EACLOCK
9224.27
92.15
91.7
93.325
92.05
92.6
91.9
92.275
92.875
92.075
90.625
91.7
92.9
92.75
93.125
92.425
91.375
90.075
91.4
91.725
89.775
91.375
90.85
92.225
90.775
94.325
91.675
91.25
91.95
92.725
92.275
90.6
90.325
92.3
92.35
92.875
91.875
91.025
91.175
90.35
91.95
91.775
94.425
91.975
90.45
91.075
90.025
92.1
91.55
91.375
91.5
92.975
90.8
91.4
92.15
90.75
91.9
92.825
90
92
92.025
90.525
91.725
92.9
91.575
90.875
89.5
90.575
90.5
92.2
92.125
90.875
91.925
89.9
92.05
92
EACLOCK-FDW
EACLOCK-FWA
9212.85
92.125
91.65
93.15
91.85
92.65
92.075
92.25
92.675
92
90.675
90.8
92.45
92.15
92.625
92.425
91.55
90.075
91.575
91.375
89.85
91.675
90.7
91.75
90.65
94.3
91.5
90.875
91.575
92.775
92.3
90.375
90.05
92.175
91.775
92.75
91.625
91.1
90.975
90.425
91.925
91.375
94.3
91.95
89.925
90.825
89.95
92.225
91.5
91.4
91.225
92.375
90.625
90.975
92.325
90.3
91.175
92.525
90.1
91.15
92.05
90.125
90.7
91.675
91.2
90.65
89.5
90.675
90.15
91.275
91.65
90.675
90.9
89.375
92.1
91.45
2Q
9200.92
93.125
92.3
93.325
92.55
93.475
92.65
92.075
94.425
92.525
90.175
91.1
92.3
94.025
92.7
92.125
92.375
91.925
92.825
91.65
90.825
92.7
91.05
92.4
91.4
93.3
92.85
91.975
95.775
93.075
92.875
90.975
91.25
93.55
92.925
93.3
91.95
91.075
91.675
92
92.95
91.225
95.425
92.8
90.9
91.25
91.275
92.825
91.9
92.45
91.775
95.475
91.725
91.65
93.15
91.025
92.825
93.85
90.675
93.3
94.1
90.675
92.675
93.1
92.225
91.675
89.625
92.475
91.075
92.75
95.175
91.425
92.125
90.675
92.625
91.725
S3-FIFO
9210.8
92.3
92.275
93.7
92.9
93.275
92.65
93.95
94.4
93.375
90.85
91.5
92.125
93.975
93.275
92.25
92.375
92.1
93.4
91.975
90.975
92.975
91.675
92.675
91.025
93.525
93.075
92.275
95.825
93.025
92.675
91.575
90.875
93.95
92.75
94.15
91.775
91.325
90.75
90.675
93.85
92.525
95.425
92.825
93.6
91.85
90.975
92.975
92.175
92
92.25
95.875
91.875
91.675
93.125
92.025
93.05
93.25
90.725
92.875
93.8
92.125
92.75
93.275
92.125
92.3
90.175
92.3
91.675
91.95
95.55
92.05
92.6
90.5
92.95
91.8
LIRS:2000
9294.88
93.95
92.425
94.05
93.35
93.4
92.825
93
93.6
93.775
91.65
92.75
94.575
94.425
94.05
93.65
92.375
92.25
91.65
92.75
90.7
92.85
92.4
93.725
91.6
95.55
93.45
93.7
95.075
93.125
92.625
92.825
92.35
94.3
93.875
93.9
92.875
92.125
93.925
92.3
94.875
93.375
95.6
93.35
94.525
92.975
92.55
92.65
91.9
91.775
93.025
95.225
92.025
92.875
93.075
92.15
93.7
94.875
90.875
94.8
93.475
91.9
94.825
95.25
93.4
93.15
91.775
92.375
91.35
95.475
96.175
91.875
93.8
90.95
92.55
92.825
Clock Sweep
9185.83
91.4
91.675
92.525
91.6
92.625
91.575
93.375
93.65
92.65
90.2
89.425
92.1
93.525
92.7
92.825
91.375
91.275
92.925
92.025
90.3
92.4
90.825
92.025
90.075
93.925
91.875
91.55
96.25
92.95
92.175
91.25
90.575
94.075
91.9
93.475
91.225
90.925
90.625
90.875
92.95
91.275
95.225
92
90
90.85
89.95
92.3
91.375
91.525
91.45
95.95
91.1
91.475
92.225
90.25
92.675
93.2
89.975
92.05
93.725
90.45
90.75
92.225
91.225
90.475
89.05
92.575
90.625
91.475
95.075
91.4
92.575
90.3
92.225
91.675
ARC:2000
9329.02
92.2
92.3
94.25
92.775
93.325
92.7
92.975
93.175
93.4
91.475
92.475
94.075
94.225
94.05
93.225
91.9
91.025
91.65
92.9
90.9
93.05
91.325
93.625
91.175
95.475
93.275
92.25
95.125
93.025
92.625
92.5
91.975
93.825
92.975
93.5
92.775
91.825
93.025
92.25
94.625
93.275
95.425
92.85
93.325
92.525
92.6
92.475
91.675
91.725
93.05
95.125
91.925
92.6
92.85
92.1
93.6
95
90.775
94.725
93.125
91.625
92.7
94.7
93.15
93.225
91.5
92.3
91.475
95.05
95.975
92.075
93.55
90.85
92.45
92.5
EACLOCK
4768.57
49.25
48.375
50.85
49.125
48.875
50.375
48.55
47.625
48.525
47.175
48.85
48.575
49.775
49.05
48.975
48.7
48.65
49.15
49.025
50.275
49.225
48.6
48.425
50.425
48.8
50.75
49.45
49.55
48.725
48.825
48.95
46.6
49.775
50.325
49.725
50.5
50.275
49.325
51.05
49.35
49.2
48.625
50.275
50.375
50.175
50.4
49
49.4
48.6
49.775
49.6
49.675
49.5
49.525
49.25
46.35
50.125
49.75
49.35
49.2
49.1
49.2
49.025
50.75
49.85
48.6
48.075
48.6
48.4
48.625
49.325
49.8
48.55
48.525
49.775
EACLOCK-FDW
4768.57
49.25
48.375
50.85
49.125
48.875
50.375
48.55
47.625
48.525
47.175
48.85
48.575
49.775
49.05
48.975
48.7
48.65
49.15
49.025
50.275
49.225
48.6
48.425
50.425
48.8
50.75
49.45
49.55
48.725
48.825
48.95
46.6
49.775
50.325
49.725
50.5
50.275
49.325
51.05
49.35
49.2
48.625
50.275
50.375
50.175
50.4
49
49.4
48.6
49.775
49.6
49.675
49.5
49.525
49.25
46.35
50.125
49.75
49.35
49.2
49.1
49.2
49.025
50.75
49.85
48.6
48.075
48.6
48.4
48.625
49.325
49.8
48.55
48.525
49.775
EACLOCK-FWA
4767.4
49.575
48.525
51.1
49.275
48.75
50.55
48.7
48.3
48.925
47.45
49.3
49.25
50.375
49.3
49.6
48.975
48.975
49.2
48.925
50.625
49.25
48.75
48.95
50.65
49.425
51
49.325
49.825
48.975
49.25
49.15
46.95
49.425
50.35
50
51.1
50.35
49.65
50.775
49.425
49.65
48.675
50.25
50.3
50.4
50.625
49.075
49.675
49.1
50.075
49.575
50.05
50.05
49.925
49.575
46.825
50.575
49.825
49.925
49.475
49.075
49.375
49.35
51.325
50.25
49.25
48.75
49.325
48.4
49.375
49.45
50.7
49.525
49.375
50.725
2Q
4287.02
42.925
43.4
44.375
43.6
43.35
44.2
42.9
42.2
42.675
42.35
43.15
42.15
43.975
43.35
43.85
42.475
42.55
42.675
43.375
44.9
42.875
42.325
42.575
45.275
43.25
44.675
42.375
43.6
42.275
43.175
43.95
41.75
43.025
43.525
43.2
44.175
43.65
42.575
43.85
43.65
44.425
44.275
43.975
44.15
44.725
43.6
42.825
43.95
42.525
44.125
44.05
44.1
44.725
44.2
43.05
41.05
45.3
42.9
42.95
42.95
43.975
42.625
43.125
43.7
44.475
42.2
42.325
43.175
42.65
42.225
43.6
43.45
43.275
44.025
43.3
S3-FIFO
4508.68
45.225
44.925
46.125
46.2
45.625
46.85
45.9
44.6
44.9
44.125
45.1
45.45
46.225
45.825
46.3
44.55
45.075
45.625
45.4
46.975
45.45
45.275
45.15
47.45
45.25
47.025
45.425
45.6
44.65
45.675
45.9
44.65
45.45
46
46.175
46.55
46.825
44.85
45.25
45.675
45.975
45.625
46.375
46
46.75
45.8
44.975
45.325
45.1
46.65
45.7
46.725
47
46.45
46.025
42.725
47.275
45.45
45.6
44.95
45.25
45.35
45.55
46.55
46.975
45.1
45.2
45.575
44.675
45.8
46.05
46.15
45.575
45.375
45.625
LIRS:2000
4269.93
42.125
42.15
43.5
42.725
43.15
43.35
42.7
41.925
41.825
41.425
42.625
41.625
42.95
42.6
43.875
41.875
43.2
43.6
42.4
44.575
43
42.2
42.225
44.475
42.675
43.6
43.325
43.05
41.875
42.475
42.375
41.95
42.875
42.675
42.875
42.825
43.775
42.55
42.9
42.95
43.975
43.925
43.35
43.125
44.65
42.6
41.525
43.175
43.4
43.775
42.375
44.075
43.825
43.425
42.65
40.525
43.975
41.9
42.55
42.45
42.575
42.925
42.5
43.075
44.15
41.6
41.75
42.975
41.9
41.575
42.025
43.2
41.975
43.6
42.55
Clock Sweep
3897.78
38.25
39.675
40.075
39.075
38.875
40
39.075
39
38.875
37.675
40.325
39
40.025
39.075
39.9
38.725
38.7
38.575
38.275
40.4
37.975
38.725
38.3
40.35
38.95
40.375
38.25
38.475
38.725
38.525
39.025
36.8
38.975
39.4
39.825
40.4
39.725
38.6
40.35
38.125
38.75
38.6
39.25
39.625
39.825
39.575
38.975
39.35
38.775
40.775
39.925
38.6
40.45
40
39.225
36.825
40.475
38.125
39.1
40.225
38.725
40.1
39.1
39.675
40.55
37.225
38.15
38.25
38.95
38.7
39.325
39.05
39.425
39.875
38.6
ARC:2000
4290.35
42.325
42.6
43.45
43.25
43.325
43.4
42.9
42.35
42.05
41.55
42.7
42.15
43.1
43
44.35
41.9
43.3
44.05
43.125
45.1
43.175
42.6
42.825
44.675
43.125
43.65
43.05
43.475
42.25
43.05
43.225
42
43.6
42.95
43.075
43.2
43.6
42.425
43.35
43.2
44.325
44.025
43.475
43.1
44.825
42.8
41.8
43.125
43.3
43.725
42.425
44.15
44.3
43.825
42.9
40.4
44.15
42.125
43.275
42.6
42.65
42.95
42.45
43.15
44.425
42.175
41.9
43.25
42
41.85
42.375
43.375
42.25
43.775
42.625
EACLOCK
7384.68
75.475
74.25
76.4
74.625
74.4
74.05
73.6
74.675
73.675
75.05
75.8
75.025
76.25
74.85
74.625
74.45
74.825
74.55
75.7
74.65
73.575
74.375
73.8
74.6
74.7
47.825
56.025
58.875
58.825
60.575
61.625
61.05
62.5
63.225
62.725
63.95
63.75
63.325
64.8
65.975
64.025
63
64.825
65.725
65.95
64.525
67.325
66.7
67.675
66.125
66.625
66.2
67.475
67.675
67.525
66.725
68.525
67.3
68.025
66.55
67.725
66.65
67.2
69.05
68.9
68.1
68.075
69.85
68.05
68.9
69.475
68.325
68.55
68.125
68.725
EACLOCK-FDW
7384.68
75.475
74.25
76.4
74.625
74.4
74.05
73.6
74.675
73.675
75.05
75.8
75.025
76.25
74.85
74.625
74.45
74.825
74.55
75.7
74.65
73.575
74.375
73.8
74.6
74.7
48.625
59.75
64.475
64.85
67.325
68.975
68.975
69.6
69.5
69.525
71.075
70.275
70.25
71.4
72.775
71.3
70.6
71.75
71.9
72.55
71.825
73.625
73.55
74
72.575
72.8
72.475
73.35
74.1
74
73.25
74.375
73.25
74.175
72.2
73.525
73.4
73.125
74.775
74.5
73.575
73.775
75.35
73.875
73.625
74.75
74.275
74.225
73.125
74.7
EACLOCK-FWA
7375.02
75.625
74.175
76.275
74.95
74.35
74.1
73.7
74.65
73.65
75.025
75.975
75.175
76.225
75
74.475
74.325
75.075
74.65
75.625
74.55
73.575
74.55
74
74.7
74.875
47.85
55.8
58.65
58.875
60.25
61.675
61.1
62.35
63.275
62.75
63.925
63.8
63.4
64.8
66.3
64.35
63.175
64.875
66.025
66.05
64.55
67.475
66.7
67.55
66
66.575
66.325
67.2
67.525
67.55
66.275
68.25
67.175
67.975
66.525
67.65
66.375
66.85
68.75
68.8
67.625
68.05
69.65
68.1
68.725
69.325
68.4
68.5
68.025
68.7
2Q
7045.43
71.4
70.05
72.825
70.775
70.35
70.15
69.95
70.5
69.75
70.75
71.65
71.35
72.725
71.1
71.2
71.1
70.95
71.15
71.6
71.425
69.825
70.925
70.45
70.4
70.6
53
62.5
66.8
68.425
69.25
70.8
69.875
71.55
71.125
69.775
70.6
71.25
70.325
71.05
72.3
70.35
69.6
70.45
71.55
71.3
69.9
72.425
71.875
71.55
70.625
71.075
70.15
71.2
71.625
71.025
70.675
72
70.4
72.3
70.8
71.7
70.475
70.125
72.525
71.925
70.475
70.075
72.9
70.225
71.325
71.6
71.35
71.25
69.95
71.775
S3-FIFO
7216.57
73.275
72.2
74.725
72.475
71.825
72.575
71.75
72.4
71.95
72.35
73.675
73.4
73.9
72.55
73.05
72.375
73.075
72.7
73.4
72.55
71.15
72.75
72.375
72.25
72.75
53.45
63.625
67.125
67.325
69.25
71.2
69.95
71.925
71.15
71.175
72.65
72.325
71.675
72.475
73.775
72.175
71.65
72.325
73.175
72.75
71.875
73.475
73.7
73.175
73.025
72.425
72.425
73.5
73.65
73.35
72.85
73.15
72.325
73.55
72.55
73.025
72.225
71.725
74.55
73.975
72.575
72.175
75
72.3
73.25
73.35
72.55
73.175
72.325
73.625
LIRS:2000
7096.45
71.75
70.925
73.275
71.3
70.475
70.35
70.05
70.95
70.475
71.05
71.35
71.55
72.9
70.975
70.95
70.775
71.175
70.95
71.65
71.175
70.05
70.1
70.625
70.475
70.65
53.775
64.275
68.6
70.075
70.7
71.4
69.9
71.55
71.2
71.025
70.975
71.125
70.05
71.2
72.05
70.475
70.25
70.825
71.575
71.45
70.225
72.25
72.1
72.05
70.7
71.65
69.925
71.875
71.525
71.35
71.525
72.325
70.85
71.975
70.55
71.725
70.575
70.625
73
72.25
70.625
70.325
73.05
70.625
72.075
72.15
71.1
71.575
70.25
71.65
Clock Sweep
6795.25
68.8
67.625
69.875
68.3
67.475
67.05
67.7
67.275
67.65
67.875
69.375
68.35
68.9
68.675
67.675
68.25
68
67.45
69.2
68.35
67.5
67.925
68.05
67.4
68.45
58.4
65.8
67.375
65.55
66.625
67.65
66.675
67.15
66.95
66.625
66.675
66.925
67.1
67.6
67.9
67.375
66.15
66.05
67.4
67.7
66.425
68.7
67.975
68.575
67.15
67.725
66.475
67.3
68.375
67.35
66.95
68.525
67.15
68.475
66.25
67.8
66.425
66.675
69.075
68.45
66.375
67.125
68.725
67.375
67.875
67.8
67.625
67.825
66.6
67.5
ARC:2000
7079.07
71.475
70.7
73.1
71.025
70.025
70.275
69.65
70.825
70.325
71.3
71.4
71.35
73.125
71.175
70.725
70.6
71.125
70.725
71.675
70.975
69.9
69.95
70.775
70.375
70.75
54.825
65.35
68.775
68.65
70.1
71.15
69.875
71.4
71.125
70.875
70.8
70.9
69.975
70.95
71.7
70.6
70.075
70.45
71.8
71.3
70.275
72.4
71.825
71.925
70.525
71.1
69.55
71.575
71.55
71.45
71.3
72.075
70.675
71.8
70.4
71.475
70.6
70.425
72.65
72.3
70.4
70.275
72.8
70.525
71.9
71.8
70.975
71.5
70.125
71.45
EACLOCK
7384.7
75.475
74.225
76.4
74.625
74.4
74.05
73.6
74.675
73.675
75.05
75.8
75.025
76.25
74.85
74.65
74.425
74.825
74.575
75.7
74.625
73.575
74.4
73.775
74.6
74.725
74.55
74.975
76.725
76.875
75.475
75.525
75.65
74.35
73.9
74.55
74.025
74.875
73.575
75.7
75.975
74
74.525
76.025
75.05
76
74.6
75.45
76.525
76.15
74.525
74.15
74.025
75.275
75.25
74.15
74.875
74.9
73.975
75.75
74.25
75.55
74.725
74.475
76.2
75.9
75.725
74.475
75.95
74.775
76.15
75.625
75.65
74.525
76.225
75.1
EACLOCK-FDW
EACLOCK-FWA
7371.27
75.4
74.075
76.475
74.4
74.4
74.175
73.55
74.55
73.625
74.975
75.575
75.225
76.025
74.6
74.9
74.25
74.775
74.45
75.575
74.125
73.525
74.45
73.5
74.575
74.475
74.275
74.725
76.4
76.55
75.325
75.575
75.5
74.45
73.775
74.325
74
74.675
73.45
75.525
75.825
73.725
74.325
75.925
75.25
75.775
74.575
75.1
76.425
76
74.475
74.15
74
75.15
75.075
74.075
74.725
74.6
73.9
75.575
74.3
75.425
74.7
74.45
76.35
75.825
75.475
74.275
75.85
74.65
76.275
75.55
75.65
74.325
76.125
75.1
2Q
7045.45
71.4
70.05
72.8
70.775
70.35
70.175
69.925
70.5
69.75
70.75
71.65
71.35
72.725
71.1
71.225
71.075
70.95
71.175
71.6
71.4
69.825
70.95
70.425
70.425
70.6
69.975
71.2
72.4
72.725
72.15
72.625
71.25
70.525
70.225
70.075
69.8
70.6
69.85
71.85
71.625
69.875
70.175
72.275
70.675
72.075
71
70.725
72.975
72.6
69.55
70.3
69.7
70.85
70.9
70.5
71.475
71.075
69.9
72.05
69.525
71.175
70.15
70.7
72.15
72.075
71.525
71.15
71.6
71.225
72.275
71.925
71.4
70.6
71.025
70.7
S3-FIFO
7216.62
73.275
72.2
74.7
72.475
71.825
72.575
71.75
72.4
71.95
72.35
73.675
73.4
73.9
72.55
73.075
72.35
73.075
72.7
73.425
72.525
71.15
72.775
72.35
72.275
72.75
71.575
73.15
74.075
74.15
73.25
73.825
73.425
72.2
71.925
71.9
72.2
72.225
71.55
73.1
73.525
71.875
72.45
73.8
72.55
74.425
72.55
72.275
75.1
74.1
72.125
72.325
71.9
73.2
73.075
71.9
73.175
72.725
71.675
73.45
71.875
72.775
72.225
72.525
74.15
73.3
73.175
72.875
73.775
72.575
73.775
72.875
73.475
72.275
73.475
72.175
LIRS:2000
7096.48
71.75
70.925
73.25
71.3
70.475
70.35
70.05
70.95
70.475
71.05
71.35
71.55
72.9
70.975
70.975
70.75
71.175
70.95
71.675
71.15
70.075
70.1
70.6
70.5
70.65
69.925
71.85
72.175
72.95
72.425
72.55
71.475
71.1
70.675
70.55
70.55
70.975
70.575
71.825
71.825
70.05
70.2
72.225
70.725
72.425
70.975
70.6
73.65
72.65
70.2
70.575
70.025
71.2
70.975
70.775
71.85
71.25
69.825
71.85
69.7
71.675
70.725
70.925
72.275
71.875
71.275
71.05
71.725
71.575
72.45
71.875
71.8
70.275
71.15
70.275
Clock Sweep
6795.27
68.8
67.625
69.85
68.3
67.475
67.075
67.675
67.275
67.65
67.875
69.375
68.375
68.9
68.65
67.7
68.225
68
67.475
69.2
68.325
67.525
67.925
68.025
67.425
68.45
67.05
68.325
69.4
70
69.425
70.225
68.75
67.525
68.125
67
66.625
68.225
67.275
69.225
68.85
66.775
67.1
68.825
68.15
69.85
67.7
67.525
70.325
70.425
67.5
67.875
67.4
68.3
67.675
68.1
68.15
68.275
67.775
68.875
67.075
68.075
67.6
67.875
69.65
68.375
69.175
68.075
68.1
68.45
69.325
68.225
68.65
67.5
68.9
68.375
ARC:2000
7138.02
71.475
70.7
73.075
71.025
70.025
70.275
69.65
70.825
70.325
71.3
71.4
71.35
73.125
71.175
70.75
70.575
71.125
70.725
71.7
70.95
69.925
69.95
70.75
70.4
70.75
69.6
71.775
71.8
72.75
72.075
72.525
71.175
70.775
70.575
70.525
70.15
70.8
70.25
71.775
71.8
70.025
70.275
72
70.675
72.4
71
70.225
73.3
72.4
70.15
70.275
69.625
70.925
70.875
70.475
71.725
71.05
69.975
71.6
69.35
71.425
70.675
70.7
72.125
71.75
71.425
70.875
71.55
71.45
72.025
71.5
71.5
70.05
70.9
70.325
EACLOCK
7384.7
75.475
74.225
76.4
74.625
74.4
74.05
73.6
74.675
73.675
75.05
75.8
75.025
76.25
74.85
74.65
74.425
74.825
74.575
75.7
74.625
73.575
74.4
73.775
74.6
74.725
74.55
74.975
76.725
76.875
75.475
75.525
75.65
74.35
73.9
74.55
74.025
74.875
73.575
75.7
75.975
74
74.525
76.025
75.05
76
74.6
75.45
76.525
76.15
74.525
74.15
74.025
75.275
75.25
74.15
74.875
74.9
73.975
75.75
74.25
75.55
74.725
74.475
76.2
75.9
75.725
74.475
75.95
74.775
76.15
75.625
75.65
74.525
76.225
75.1
EACLOCK-FDW
EACLOCK-FWA
7371.27
75.4
74.075
76.475
74.4
74.4
74.175
73.55
74.55
73.625
74.975
75.575
75.225
76.025
74.6
74.9
74.25
74.775
74.45
75.575
74.125
73.525
74.45
73.5
74.575
74.475
74.275
74.725
76.4
76.55
75.325
75.575
75.5
74.45
73.775
74.325
74
74.675
73.45
75.525
75.825
73.725
74.325
75.925
75.25
75.775
74.575
75.1
76.425
76
74.475
74.15
74
75.15
75.075
74.075
74.725
74.6
73.9
75.575
74.3
75.425
74.7
74.45
76.35
75.825
75.475
74.275
75.85
74.65
76.275
75.55
75.65
74.325
76.125
75.1
2Q
7045.45
71.4
70.05
72.8
70.775
70.35
70.175
69.925
70.5
69.75
70.75
71.65
71.35
72.725
71.1
71.225
71.075
70.95
71.175
71.6
71.4
69.825
70.95
70.425
70.425
70.6
69.975
71.2
72.4
72.725
72.15
72.625
71.25
70.525
70.225
70.075
69.8
70.6
69.85
71.85
71.625
69.875
70.175
72.275
70.675
72.075
71
70.725
72.975
72.6
69.55
70.3
69.7
70.85
70.9
70.5
71.475
71.075
69.9
72.05
69.525
71.175
70.15
70.7
72.15
72.075
71.525
71.15
71.6
71.225
72.275
71.925
71.4
70.6
71.025
70.7
S3-FIFO
7216.62
73.275
72.2
74.7
72.475
71.825
72.575
71.75
72.4
71.95
72.35
73.675
73.4
73.9
72.55
73.075
72.35
73.075
72.7
73.425
72.525
71.15
72.775
72.35
72.275
72.75
71.575
73.15
74.075
74.15
73.25
73.825
73.425
72.2
71.925
71.9
72.2
72.225
71.55
73.1
73.525
71.875
72.45
73.8
72.55
74.425
72.55
72.275
75.1
74.1
72.125
72.325
71.9
73.2
73.075
71.9
73.175
72.725
71.675
73.45
71.875
72.775
72.225
72.525
74.15
73.3
73.175
72.875
73.775
72.575
73.775
72.875
73.475
72.275
73.475
72.175
LIRS:2000
7096.48
71.75
70.925
73.25
71.3
70.475
70.35
70.05
70.95
70.475
71.05
71.35
71.55
72.9
70.975
70.975
70.75
71.175
70.95
71.675
71.15
70.075
70.1
70.6
70.5
70.65
69.925
71.85
72.175
72.95
72.425
72.55
71.475
71.1
70.675
70.55
70.55
70.975
70.575
71.825
71.825
70.05
70.2
72.225
70.725
72.425
70.975
70.6
73.65
72.65
70.2
70.575
70.025
71.2
70.975
70.775
71.85
71.25
69.825
71.85
69.7
71.675
70.725
70.925
72.275
71.875
71.275
71.05
71.725
71.575
72.45
71.875
71.8
70.275
71.15
70.275
Clock Sweep
6795.27
68.8
67.625
69.85
68.3
67.475
67.075
67.675
67.275
67.65
67.875
69.375
68.375
68.9
68.65
67.7
68.225
68
67.475
69.2
68.325
67.525
67.925
68.025
67.425
68.45
67.05
68.325
69.4
70
69.425
70.225
68.75
67.525
68.125
67
66.625
68.225
67.275
69.225
68.85
66.775
67.1
68.825
68.15
69.85
67.7
67.525
70.325
70.425
67.5
67.875
67.4
68.3
67.675
68.1
68.15
68.275
67.775
68.875
67.075
68.075
67.6
67.875
69.65
68.375
69.175
68.075
68.1
68.45
69.325
68.225
68.65
67.5
68.9
68.375
ARC:2000
7138.02
71.475
70.7
73.075
71.025
70.025
70.275
69.65
70.825
70.325
71.3
71.4
71.35
73.125
71.175
70.75
70.575
71.125
70.725
71.7
70.95
69.925
69.95
70.75
70.4
70.75
69.6
71.775
71.8
72.75
72.075
72.525
71.175
70.775
70.575
70.525
70.15
70.8
70.25
71.775
71.8
70.025
70.275
72
70.675
72.4
71
70.225
73.3
72.4
70.15
70.275
69.625
70.925
70.875
70.475
71.725
71.05
69.975
71.6
69.35
71.425
70.675
70.7
72.125
71.75
71.425
70.875
71.55
71.45
72.025
71.5
71.5
70.05
70.9
70.325
EACLOCK
9045.38
90.125
86.4
85.05
91.475
84.625
92.875
91.525
87.25
84.1
90.9
89.025
84.975
90.925
88.775
85
89.1
91.95
93.3
84.775
91.75
90.2
90.575
89.775
91.85
92.35
92.375
86.6
88.4
91.9
91.35
93.675
92.05
88.325
78.5
84.8
91.275
92.175
91.05
91.4
89.15
89.95
92.825
87.175
93.75
92.475
87.575
92.725
93.9
88.825
93
89.125
90.025
92.65
91.35
92.05
88.85
93.1
90.475
91.725
92.25
93.55
91.875
92.2
92.675
91.575
86.05
91.775
88.95
91.975
89.225
85.65
89.025
90.575
92.625
88.85
EACLOCK-FDW
9050.6
90.275
86.35
85.025
91.375
84.475
93.025
91.775
87.15
84.1
91.025
89.125
85.075
91.025
88.85
85.1
89.125
91.8
93.15
84.675
92.05
90.2
90.525
89.725
91.575
92.45
92.35
86.625
88.525
91.825
91.4
93.85
91.85
88.65
78.85
85
91.325
92.55
91.2
91.7
89.675
89.725
93.125
86.95
93.825
93
87.85
92.9
93.925
89.3
92.875
89
90.025
92.7
91.825
92.225
89.025
93.25
90.475
91.9
92.275
93.675
92.025
92.575
92.7
91.9
86.1
91.625
88.925
92.125
89.3
85.55
89.175
90.4
92.65
88.8
EACLOCK-FWA
9045.67
90.175
86.425
84.975
91.475
84.6
92.9
91.6
87.25
84.1
90.85
88.975
85.025
90.975
88.8
85
89.1
92.05
93.325
84.85
91.775
90.2
90.575
89.75
91.825
92.275
92.35
86.55
88.4
91.9
91.375
93.725
92.075
88.3
78.475
84.825
91.325
92.2
91.1
91.4
89.075
89.95
92.875
87.2
93.75
92.475
87.575
92.725
93.95
88.9
92.975
89.125
90
92.675
91.375
92.075
88.925
93.15
90.5
91.725
92.25
93.575
91.825
92.225
92.575
91.575
86
91.625
88.925
91.95
89.25
85.675
89.1
90.6
92.725
88.9
2Q
9102.9
90.425
86.8
85.25
93.3
84.8
93.875
92.1
88.225
84.875
91.35
90.175
86.625
91.425
90.15
85.65
90.3
94.8
94.5
85.325
94.525
91.3
92.275
90.45
93.65
92.975
92.625
88.075
88.6
93.2
91.8
94.175
93.775
90.075
80.275
86.925
91.925
93.45
92.175
92.975
90.8
90.35
93.625
88.375
94.725
94.375
88.975
93.575
95.2
89.975
93.275
90.75
91.225
94.925
92.5
92.8
89.325
94.825
90.875
93.025
94.2
93.75
92.3
95.625
93
92.15
87
92.3
91.6
92.45
89.65
87.075
90
91.075
94.15
89.475
S3-FIFO
9041.3
90.025
85.8
84.8
91.575
84.1
92.525
91.625
87.15
84.175
90.625
89.025
84.975
90.725
88.65
85.075
88.675
92.05
93
84.575
92.5
90.05
90.325
89.5
91.8
92.45
92.05
86.7
88.325
92.075
91.2
93.775
91.9
88.375
78.4
85.225
91.2
92.475
90.95
91.725
89.35
89.5
92.725
87.025
93.725
92.525
87.35
92.6
93.9
89
92.775
89.25
89.725
92.85
91.625
91.8
88.575
93.225
90.15
91.825
92.375
93.65
92.05
93.275
92.8
91.6
86.025
91.325
89.4
92.1
89.025
85.675
88.825
90.2
92.7
88.5
LIRS:2000
9066.12
90.425
86.35
85.05
92.1
84.325
92.925
91.725
87.525
84.2
90.9
89.05
85.275
90.85
89.15
85.25
89.275
92.125
93.075
84.725
92.425
90.425
91
89.85
92.25
92.25
92.375
87.25
88.65
92.675
91.6
94
92.625
89.1
78.9
85.675
91.325
92.55
91.125
91.85
89.7
89.7
92.975
87.1
93.85
92.875
87.55
93
94.125
89.325
92.95
89.55
90.05
93.25
92.125
92.15
89.2
93.65
90.625
92.525
93
93.725
92.275
94.35
92.9
92
86.275
91.575
89.85
92.35
89.275
85.95
89.225
90.45
92.775
88.875
Clock Sweep
9049.3
89.775
86.075
84.575
91.225
84.275
92.7
91.275
87.3
84.475
90.475
89.125
84.675
90.725
88.675
84.8
88.9
92.05
92.975
84.75
92.125
90.225
90.725
89.7
91.85
92.45
92.3
86.475
88.225
91.575
91.2
93.8
92.35
88.7
79
84.725
91.275
92.25
91.45
91.9
89.475
89.7
92.925
86.975
93.825
92.875
87.7
92.9
93.85
89.4
92.85
88.875
90.175
93.075
92.025
91.575
88.8
93.175
90.45
92.05
92.15
93.55
91.85
93.425
92.3
91.625
86.3
91.375
88.9
91.925
89.175
85.55
88.75
90.225
92.625
88.725
EACLOCK
4606.93
44.5
45.125
45.6
44.25
44.8
46.5
45.1
43.6
44.925
43.1
45.225
44.75
45.775
45.175
45.55
44.3
44.675
44.45
43.85
46.2
43.175
43.45
43.325
46.925
44.025
46
43.925
44.05
44.45
44.775
44.45
43
44.625
45.1
44.775
45.4
44.6
44.1
45.55
43.925
44.125
44.125
44.15
44.675
44.6
45.125
44.075
44.475
44.275
45.55
45.3
44.625
45.225
44.6
43.75
41.8
45.85
43.425
43.95
44.225
44.075
43.65
43.55
44.375
45.35
42.925
43.05
43.075
43.825
43.4
43.85
44.525
44.4
44.225
43.95
EACLOCK-FDW
4768.57
49.25
48.375
50.85
49.125
48.875
50.375
48.55
47.625
48.525
47.175
48.85
48.575
49.775
49.05
48.975
48.7
48.65
49.15
49.025
50.275
49.225
48.6
48.425
50.425
48.8
50.75
49.45
49.55
48.725
48.825
48.95
46.6
49.775
50.325
49.725
50.5
50.275
49.325
51.05
49.35
49.2
48.625
50.275
50.375
50.175
50.4
49
49.4
48.6
49.775
49.6
49.675
49.5
49.525
49.25
46.35
50.125
49.75
49.35
49.2
49.1
49.2
49.025
50.75
49.85
48.6
48.075
48.6
48.4
48.625
49.325
49.8
48.55
48.525
49.775
EACLOCK-FWA
4767.4
49.575
48.525
51.1
49.275
48.75
50.55
48.7
48.3
48.925
47.45
49.3
49.25
50.375
49.3
49.6
48.975
48.975
49.2
48.925
50.625
49.25
48.75
48.95
50.65
49.425
51
49.325
49.825
48.975
49.25
49.15
46.95
49.425
50.35
50
51.1
50.35
49.65
50.775
49.425
49.65
48.675
50.25
50.3
50.4
50.625
49.075
49.675
49.1
50.075
49.575
50.05
50.05
49.925
49.575
46.825
50.575
49.825
49.925
49.475
49.075
49.375
49.35
51.325
50.25
49.25
48.75
49.325
48.4
49.375
49.45
50.7
49.525
49.375
50.725
2Q
4312.57
42.925
43.4
44.375
43.6
43.35
44.2
42.9
42.2
42.675
42.35
43.15
42.15
43.975
43.35
43.85
42.475
42.55
42.675
43.375
44.9
42.875
42.325
42.575
45.275
43.25
44.675
42.375
43.6
42.275
43.175
43.95
41.75
43.025
43.525
43.2
44.175
43.65
42.575
43.85
43.65
44.425
44.275
43.975
44.15
44.725
43.6
42.825
43.95
42.525
44.125
44.05
44.1
44.725
44.2
43.05
41.05
45.3
42.9
42.95
42.95
43.975
42.625
43.125
43.7
44.475
42.2
42.325
43.175
42.65
42.225
43.6
43.45
43.275
44.025
43.3
S3-FIFO
4508.68
45.225
44.925
46.125
46.2
45.625
46.85
45.9
44.6
44.9
44.125
45.1
45.45
46.225
45.825
46.3
44.55
45.075
45.625
45.4
46.975
45.45
45.275
45.15
47.45
45.25
47.025
45.425
45.6
44.65
45.675
45.9
44.65
45.45
46
46.175
46.55
46.825
44.85
45.25
45.675
45.975
45.625
46.375
46
46.75
45.8
44.975
45.325
45.1
46.65
45.7
46.725
47
46.45
46.025
42.725
47.275
45.45
45.6
44.95
45.25
45.35
45.55
46.55
46.975
45.1
45.2
45.575
44.675
45.8
46.05
46.15
45.575
45.375
45.625
LIRS:2000
4269.93
42.125
42.15
43.5
42.725
43.15
43.35
42.7
41.925
41.825
41.425
42.625
41.625
42.95
42.6
43.875
41.875
43.2
43.6
42.4
44.575
43
42.2
42.225
44.475
42.675
43.6
43.325
43.05
41.875
42.475
42.375
41.95
42.875
42.675
42.875
42.825
43.775
42.55
42.9
42.95
43.975
43.925
43.35
43.125
44.65
42.6
41.525
43.175
43.4
43.775
42.375
44.075
43.825
43.425
42.65
40.525
43.975
41.9
42.55
42.45
42.575
42.925
42.5
43.075
44.15
41.6
41.75
42.975
41.9
41.575
42.025
43.2
41.975
43.6
42.55
Clock Sweep
3897.78
38.25
39.675
40.075
39.075
38.875
40
39.075
39
38.875
37.675
40.325
39
40.025
39.075
39.9
38.725
38.7
38.575
38.275
40.4
37.975
38.725
38.3
40.35
38.95
40.375
38.25
38.475
38.725
38.525
39.025
36.8
38.975
39.4
39.825
40.4
39.725
38.6
40.35
38.125
38.75
38.6
39.25
39.625
39.825
39.575
38.975
39.35
38.775
40.775
39.925
38.6
40.45
40
39.225
36.825
40.475
38.125
39.1
40.225
38.725
40.1
39.1
39.675
40.55
37.225
38.15
38.25
38.95
38.7
39.325
39.05
39.425
39.875
38.6
EACLOCK
9224.27
92.15
91.7
93.325
92.05
92.6
91.9
92.275
92.875
92.075
90.625
91.7
92.9
92.75
93.125
92.425
91.375
90.075
91.4
91.725
89.775
91.375
90.85
92.225
90.775
94.325
91.675
91.25
91.95
92.725
92.275
90.6
90.325
92.3
92.35
92.875
91.875
91.025
91.175
90.35
91.95
91.775
94.425
91.975
90.45
91.075
90.025
92.1
91.55
91.375
91.5
92.975
90.8
91.4
92.15
90.75
91.9
92.825
90
92
92.025
90.525
91.725
92.9
91.575
90.875
89.5
90.575
90.5
92.2
92.125
90.875
91.925
89.9
92.05
92
EACLOCK-FDW
9224.27
92.15
91.7
93.325
92.05
92.6
91.9
92.275
92.875
92.075
90.625
91.7
92.9
92.75
93.125
92.425
91.375
90.075
91.4
91.725
89.775
91.375
90.85
92.225
90.775
94.325
91.675
91.25
91.95
92.725
92.275
90.6
90.325
92.3
92.35
92.875
91.875
91.025
91.175
90.35
91.95
91.775
94.425
91.975
90.45
91.075
90.025
92.1
91.55
91.375
91.5
92.975
90.8
91.4
92.15
90.75
91.9
92.825
90
92
92.025
90.525
91.725
92.9
91.575
90.875
89.5
90.575
90.5
92.2
92.125
90.875
91.925
89.9
92.05
92
EACLOCK-FWA
9212.85
92.125
91.65
93.15
91.85
92.65
92.075
92.25
92.675
92
90.675
90.8
92.45
92.15
92.625
92.425
91.55
90.075
91.575
91.375
89.85
91.675
90.7
91.75
90.65
94.3
91.5
90.875
91.575
92.775
92.3
90.375
90.05
92.175
91.775
92.75
91.625
91.1
90.975
90.425
91.925
91.375
94.3
91.95
89.925
90.825
89.95
92.225
91.5
91.4
91.225
92.375
90.625
90.975
92.325
90.3
91.175
92.525
90.1
91.15
92.05
90.125
90.7
91.675
91.2
90.65
89.5
90.675
90.15
91.275
91.65
90.675
90.9
89.375
92.1
91.45
2Q
9221.33
93.125
92.3
93.325
92.55
93.475
92.65
92.075
94.425
92.525
90.175
91.1
92.3
94.025
92.7
92.125
92.375
91.925
92.825
91.65
90.825
92.7
91.05
92.4
91.4
93.3
92.85
91.975
95.775
93.075
92.875
90.975
91.25
93.55
92.925
93.3
91.95
91.075
91.675
92
92.95
91.225
95.425
92.8
90.9
91.25
91.275
92.825
91.9
92.45
91.775
95.475
91.725
91.65
93.15
91.025
92.825
93.85
90.675
93.3
94.1
90.675
92.675
93.1
92.225
91.675
89.625
92.475
91.075
92.75
95.175
91.425
92.125
90.675
92.625
91.725
S3-FIFO
9210.8
92.3
92.275
93.7
92.9
93.275
92.65
93.95
94.4
93.375
90.85
91.5
92.125
93.975
93.275
92.25
92.375
92.1
93.4
91.975
90.975
92.975
91.675
92.675
91.025
93.525
93.075
92.275
95.825
93.025
92.675
91.575
90.875
93.95
92.75
94.15
91.775
91.325
90.75
90.675
93.85
92.525
95.425
92.825
93.6
91.85
90.975
92.975
92.175
92
92.25
95.875
91.875
91.675
93.125
92.025
93.05
93.25
90.725
92.875
93.8
92.125
92.75
93.275
92.125
92.3
90.175
92.3
91.675
91.95
95.55
92.05
92.6
90.5
92.95
91.8
LIRS:2000
9294.88
93.95
92.425
94.05
93.35
93.4
92.825
93
93.6
93.775
91.65
92.75
94.575
94.425
94.05
93.65
92.375
92.25
91.65
92.75
90.7
92.85
92.4
93.725
91.6
95.55
93.45
93.7
95.075
93.125
92.625
92.825
92.35
94.3
93.875
93.9
92.875
92.125
93.925
92.3
94.875
93.375
95.6
93.35
94.525
92.975
92.55
92.65
91.9
91.775
93.025
95.225
92.025
92.875
93.075
92.15
93.7
94.875
90.875
94.8
93.475
91.9
94.825
95.25
93.4
93.15
91.775
92.375
91.35
95.475
96.175
91.875
93.8
90.95
92.55
92.825
Clock Sweep
9185.83
91.4
91.675
92.525
91.6
92.625
91.575
93.375
93.65
92.65
90.2
89.425
92.1
93.525
92.7
92.825
91.375
91.275
92.925
92.025
90.3
92.4
90.825
92.025
90.075
93.925
91.875
91.55
96.25
92.95
92.175
91.25
90.575
94.075
91.9
93.475
91.225
90.925
90.625
90.875
92.95
91.275
95.225
92
90
90.85
89.95
92.3
91.375
91.525
91.45
95.95
91.1
91.475
92.225
90.25
92.675
93.2
89.975
92.05
93.725
90.45
90.75
92.225
91.225
90.475
89.05
92.575
90.625
91.475
95.075
91.4
92.575
90.3
92.225
91.675
ARC:2000
9270.1
92.2
92.3
94.25
92.775
93.325
92.7
92.975
93.175
93.4
91.475
92.475
94.075
94.225
94.05
93.225
91.9
91.025
91.65
92.9
90.9
93.05
91.325
93.625
91.175
95.475
93.275
92.25
95.125
93.025
92.625
92.5
91.975
93.825
92.975
93.5
92.775
91.825
93.025
92.25
94.625
93.275
95.425
92.85
93.325
92.525
92.6
92.475
91.675
91.725
93.05
95.125
91.925
92.6
92.85
92.1
93.6
95
90.775
94.725
93.125
91.625
92.7
94.7
93.15
93.225
91.5
92.3
91.475
95.05
95.975
92.075
93.55
90.85
92.45
92.5
EACLOCK
9045.38
90.125
86.4
85.05
91.475
84.625
92.875
91.525
87.25
84.1
90.9
89.025
84.975
90.925
88.775
85
89.1
91.95
93.3
84.775
91.75
90.2
90.575
89.775
91.85
92.35
92.375
86.6
88.4
91.9
91.35
93.675
92.05
88.325
78.5
84.8
91.275
92.175
91.05
91.4
89.15
89.95
92.825
87.175
93.75
92.475
87.575
92.725
93.9
88.825
93
89.125
90.025
92.65
91.35
92.05
88.85
93.1
90.475
91.725
92.25
93.55
91.875
92.2
92.675
91.575
86.05
91.775
88.95
91.975
89.225
85.65
89.025
90.575
92.625
88.85
EACLOCK-FDW
9050.6
90.275
86.35
85.025
91.375
84.475
93.025
91.775
87.15
84.1
91.025
89.125
85.075
91.025
88.85
85.1
89.125
91.8
93.15
84.675
92.05
90.2
90.525
89.725
91.575
92.45
92.35
86.625
88.525
91.825
91.4
93.85
91.85
88.65
78.85
85
91.325
92.55
91.2
91.7
89.675
89.725
93.125
86.95
93.825
93
87.85
92.9
93.925
89.3
92.875
89
90.025
92.7
91.825
92.225
89.025
93.25
90.475
91.9
92.275
93.675
92.025
92.575
92.7
91.9
86.1
91.625
88.925
92.125
89.3
85.55
89.175
90.4
92.65
88.8
EACLOCK-FWA
9045.67
90.175
86.425
84.975
91.475
84.6
92.9
91.6
87.25
84.1
90.85
88.975
85.025
90.975
88.8
85
89.1
92.05
93.325
84.85
91.775
90.2
90.575
89.75
91.825
92.275
92.35
86.55
88.4
91.9
91.375
93.725
92.075
88.3
78.475
84.825
91.325
92.2
91.1
91.4
89.075
89.95
92.875
87.2
93.75
92.475
87.575
92.725
93.95
88.9
92.975
89.125
90
92.675
91.375
92.075
88.925
93.15
90.5
91.725
92.25
93.575
91.825
92.225
92.575
91.575
86
91.625
88.925
91.95
89.25
85.675
89.1
90.6
92.725
88.9
2Q
9102.9
90.425
86.8
85.25
93.3
84.8
93.875
92.1
88.225
84.875
91.35
90.175
86.625
91.425
90.15
85.65
90.3
94.8
94.5
85.325
94.525
91.3
92.275
90.45
93.65
92.975
92.625
88.075
88.6
93.2
91.8
94.175
93.775
90.075
80.275
86.925
91.925
93.45
92.175
92.975
90.8
90.35
93.625
88.375
94.725
94.375
88.975
93.575
95.2
89.975
93.275
90.75
91.225
94.925
92.5
92.8
89.325
94.825
90.875
93.025
94.2
93.75
92.3
95.625
93
92.15
87
92.3
91.6
92.45
89.65
87.075
90
91.075
94.15
89.475
S3-FIFO
9041.3
90.025
85.8
84.8
91.575
84.1
92.525
91.625
87.15
84.175
90.625
89.025
84.975
90.725
88.65
85.075
88.675
92.05
93
84.575
92.5
90.05
90.325
89.5
91.8
92.45
92.05
86.7
88.325
92.075
91.2
93.775
91.9
88.375
78.4
85.225
91.2
92.475
90.95
91.725
89.35
89.5
92.725
87.025
93.725
92.525
87.35
92.6
93.9
89
92.775
89.25
89.725
92.85
91.625
91.8
88.575
93.225
90.15
91.825
92.375
93.65
92.05
93.275
92.8
91.6
86.025
91.325
89.4
92.1
89.025
85.675
88.825
90.2
92.7
88.5
LIRS:2000
9066.12
90.425
86.35
85.05
92.1
84.325
92.925
91.725
87.525
84.2
90.9
89.05
85.275
90.85
89.15
85.25
89.275
92.125
93.075
84.725
92.425
90.425
91
89.85
92.25
92.25
92.375
87.25
88.65
92.675
91.6
94
92.625
89.1
78.9
85.675
91.325
92.55
91.125
91.85
89.7
89.7
92.975
87.1
93.85
92.875
87.55
93
94.125
89.325
92.95
89.55
90.05
93.25
92.125
92.15
89.2
93.65
90.625
92.525
93
93.725
92.275
94.35
92.9
92
86.275
91.575
89.85
92.35
89.275
85.95
89.225
90.45
92.775
88.875
Clock Sweep
9049.3
89.775
86.075
84.575
91.225
84.275
92.7
91.275
87.3
84.475
90.475
89.125
84.675
90.725
88.675
84.8
88.9
92.05
92.975
84.75
92.125
90.225
90.725
89.7
91.85
92.45
92.3
86.475
88.225
91.575
91.2
93.8
92.35
88.7
79
84.725
91.275
92.25
91.45
91.9
89.475
89.7
92.925
86.975
93.825
92.875
87.7
92.9
93.85
89.4
92.85
88.875
90.175
93.075
92.025
91.575
88.8
93.175
90.45
92.05
92.15
93.55
91.85
93.425
92.3
91.625
86.3
91.375
88.9
91.925
89.175
85.55
88.75
90.225
92.625
88.725
ARC:2000
9067.5
90
86.1
84.575
91.75
84.4
92.6
91.5
87.5
84.325
90.65
89.25
85.325
90.925
89.025
85.2
89.375
92.675
92.9
84.75
93.275
90.45
90.9
89.675
92.6
92.55
92.3
86.8
88.45
92.3
91.325
94.125
92.325
89.25
78.975
85.1
91.25
92.45
91.375
91.875
89.5
89.65
93.075
87
93.975
93.025
87.6
93.275
94.275
89.75
92.875
89.175
90.225
93.425
92.175
91.65
88.825
93.8
90.475
92.05
92.95
93.55
92.05
94.6
92.325
91.8
86.5
91.375
89.125
92.15
89.25
85.425
88.925
90.25
92.725
88.85
S3-FIFO
S3-FIFO
