EACLOCK
12769.6
63.95
62.9
62.7
61.5
65.55
64.5
62.6
64.9
63.15
62
63
61
61
63.3
62.9
62.1
62.95
62.55
63.4
62.7
63.55
64.7
63.2
62.55
63.3
64.95
63.95
60.9
63.85
60.8
62.1
62.95
63.65
61.35
62.35
61.3
63.15
64.1
64.05
62.25
61.95
60.95
61.9
61.6
61.95
60.45
60.75
63.6
63.3
62.1
44.85
50.2
49.9
50.55
51.75
52.45
52.2
52
51.7
51.8
52.6
53.3
52.25
50.35
52.2
52.5
54.35
51.65
51.45
51.25
52.6
52.6
51.2
52.2
52.9
50.1
51.55
53.9
51.75
55.9
51.55
53.2
51.35
51.8
52.65
52.1
54.55
52.15
53
53.35
51.9
52.05
54.85
54.55
54.45
53.55
53.7
55.25
53.5
52.35
EACLOCK-FDW
12857.1
66.15
64.65
65.05
63.65
67.25
66
64.2
66.2
64.75
64.1
64.75
64.1
63.35
65
64.65
64.9
64.9
64.45
66.3
65.35
65.85
67.2
66.05
65.5
65.75
67.2
66.6
64.15
65.35
63.7
64.8
65.15
66.1
64.4
65.75
65.15
65.7
67
66.05
64.7
64.3
63.9
64.75
63.9
65.6
63.9
63.45
66.05
66.15
65.25
37.85
49
51.6
54
57.1
57.6
56.9
58.45
58.15
58.95
60.7
61.75
59.55
59.25
60.85
62.25
61.4
62.35
61.2
60.65
61.7
63.1
61.95
63.15
62.75
60.45
61.65
64.75
61.45
65.9
61.95
63.6
62.2
60.65
62.9
62.2
64.75
63.15
63.5
63.25
61.55
61.6
64.9
64.35
64.05
63.5
63.55
65.15
63.7
62.55
2Q
12301.3
62.65
61.35
62.3
60.35
64.25
63.55
61.2
63.85
63
61.1
61.45
59.4
59.7
61
61.1
61.3
62.25
61.3
62.65
62
62.35
63.8
62.55
62.25
62.5
64.1
63
60.1
62.65
60.2
61.25
61.25
61.6
59.8
62.2
59.9
61.8
63.05
62.95
62.65
60.45
61
60.65
60.6
61.4
60.25
59.85
62.55
62.3
61.5
40.75
50.95
54.8
57.25
60.05
61.35
59.55
60.95
62.15
61.45
61.85
63.75
60.9
60.35
60.9
63.2
61.65
62.5
63.1
60.45
61.4
62.55
61.9
61.9
62.45
60.15
61.15
62.85
60.4
64.85
61.7
62.4
60.1
59.45
61
60.85
63.4
61.65
63.25
62.4
60.85
61.1
64.55
62.7
63
63
61.85
63.65
62.05
60.35
S3-FIFO
12686
65.2
64.05
63.65
61.45
65.8
65
63
65.45
64.45
63.6
63.55
61.05
62.55
63.3
63.45
62.8
63.45
63
64.5
63.55
64.25
66.35
64.4
63.25
64.05
65.6
64.75
63.1
64.3
62.35
63.25
63.7
64.4
62.1
63.8
62.95
63.4
65.75
65.25
64.2
63.3
62.85
62.6
62.4
63.7
62.35
61.9
64.05
64.1
62.6
40.35
52.3
54.85
57.05
59.7
61.3
59.95
62.05
62.45
61.65
62.85
64.55
62.6
61.9
63
64.9
63.8
64.25
63.75
62.65
63.05
64
63.5
64.3
64.3
62.45
62.95
65.35
62.05
67.1
63.1
64.15
62.65
61.2
63.45
62.7
64.7
63.5
64.7
63.85
61.9
62.5
65.8
64.35
64.7
65
63.65
65.25
64.15
62.65
LIRS:1000
12266.9
62.7
61.3
61
59.6
63.5
62.8
60.65
63.4
62.65
60.85
61.1
59.3
59.4
61.15
60.9
61.35
61.3
60.7
62.1
60.85
61.35
64.15
62.7
61.75
62.15
63.35
62.95
60.85
62.1
60.7
61.65
61.3
61.3
60.6
61.05
59.8
61.6
63.45
62.1
62.5
60.95
60.85
60.7
59.85
59.75
60.75
59.8
61.55
61.8
60.4
41.45
53.3
57.45
60.55
61.75
62.35
60.45
62.4
62.2
60.15
61.1
63.35
60.5
59.9
61.6
62.2
61.75
62.25
60.75
60.25
61.05
61.6
61
61.05
61.7
60.05
61.25
62.3
60.3
64.9
61.25
61.65
60.4
58.55
60.7
60.2
62.65
61.45
62.1
61.45
59.65
61
63.55
61.45
62.55
62.5
62.35
62.95
61.9
59.55
Clock Sweep
11339.4
57.65
56.9
56.35
55.8
59.05
58.05
58
58.55
56.65
56.85
56.1
55.4
54.1
56.8
55.85
55.8
56.85
56.4
57.05
56.6
56.25
58.9
58.25
56.55
57.4
58.9
58.7
54.9
57.95
54.85
56.35
56.35
57.6
55.9
57.05
55.45
56.85
58.3
58
57.2
55.55
56.1
56.55
55.2
55.55
54.95
54.1
57.8
57.8
57.7
47.8
54.55
53.5
54.7
56.65
56.4
55.45
55.35
55.95
54.65
56.45
56.8
55.9
54.6
55.8
57.25
57.5
55.95
55.9
53.55
55.2
55.5
56.25
55.25
56.6
54.6
55.15
57.55
55.1
58.75
55.4
56.85
55.35
54.8
55
55.25
57.3
55.4
55.9
55.5
54.45
55.2
58.1
57.9
57.25
56.35
56.8
57.5
57.3
55.85
ARC:1000
12444.2
63.25
62.15
62.3
61.35
64.65
64.25
61.55
64.35
63.55
61.85
62.4
60.1
60.5
61.9
61.85
61.9
62.3
61.65
62.95
61.9
62.45
65.3
62.85
63.1
63.3
64.3
63.3
61.1
63.45
61.25
62.3
61.9
62.7
60.8
62.7
60.55
62
64.45
63.45
63.35
62.5
62.15
61.4
60.8
61.95
61.3
60.3
61.7
62.65
61.5
41.8
54
56.85
57.9
59.5
60.6
59.6
61.6
62.3
62.05
62.2
63.8
61.2
61.15
61.9
63
62.55
63.6
62.15
61.8
62.15
62.95
61.45
62.4
63.4
60.7
61.95
63.2
61.6
65.35
62.3
62.5
62
59.85
61.05
61.35
64.15
62.9
63.85
62.65
61.1
61.8
64.8
63.1
63.45
63.4
63.25
63.9
62.95
60.5
