EACLOCK
644
659
660
654
665
669
662
659
655
645
640
653
636
637
641
656
652
625
650
656
635
634
612
656
674
647
658
662
662
643
350
413
424
481
468
476
496
478
503
483
490
504
492
502
510
500
490
507
496
508
488
519
497
537
488
498
494
478
503
488
EACLOCK-FDW
642
661
661
653
670
670
664
657
646
648
642
644
638
640
641
654
651
627
651
661
642
636
610
659
674
647
665
658
658
647
332
425
452
528
507
525
545
535
576
566
567
585
569
569
585
584
573
590
589
590
598
616
603
632
599
592
592
593
619
598
2Q
592
606
633
603
624
637
628
631
624
629
596
613
613
607
606
607
619
593
616
612
597
608
581
616
641
610
616
630
625
605
365
450
469
550
534
562
571
574
593
608
617
610
596
595
611
608
611
632
620
609
614
623
624
651
607
611
606
601
619
599
S3-FIFO
624
635
644
624
654
661
647
658
640
644
632
634
631
626
626
626
635
613
633
641
618
629
604
634
648
633
643
639
633
619
345
462
485
561
541
556
577
564
594
600
612
614
597
602
613
628
613
636
617
616
625
632
625
666
629
623
617
621
635
625
LIRS:1000
592
604
623
609
636
633
620
622
619
631
608
611
626
591
611
603
619
578
600
595
605
610
579
617
632
599
613
623
621
587
350
479
492
574
561
588
611
600
612
623
622
625
593
616
630
618
615
629
610
593
605
617
618
649
612
598
596
602
629
603
613
631
618
617
596
649
596
619
583
622
618
603
609
623
601
619
619
602
614
620
Clock Sweep
32
21
26
29
24
24
35
23
34
15
27
30
27
22
34
19
27
30
31
27
30
27
32
23
26
35
21
31
33
33
17
26
31
31
18
31
28
28
22
21
26
25
35
24
26
30
25
30
24
30
27
22
35
28
28
25
22
30
32
31
21
29
23
22
31
26
36
22
23
24
31
27
23
27
21
34
24
32
27
26
24
26
24
25
32
27
18
23
26
32
27
33
30
23
26
32
23
31
31
30
27
23
25
31
23
26
25
21
29
27
35
29
29
18
28
28
26
26
21
22
16
26
26
27
29
22
24
34
31
27
27
25
28
26
23
37
35
30
20
28
25
27
28
26
27
24
30
27
29
23
23
22
32
27
33
34
22
29
27
27
27
25
25
28
31
24
32
21
28
34
23
19
31
29
29
26
17
23
20
21
30
24
22
28
33
25
23
28
29
21
26
37
26
25
26
22
25
32
31
26
28
32
25
34
25
29
23
25
22
23
30
28
27
29
25
29
34
23
20
29
18
19
31
27
22
24
32
24
34
32
30
28
27
15
26
36
29
23
30
32
27
21
27
33
24
31
33
30
24
22
20
35
27
24
27
24
28
25
24
29
18
28
31
28
22
22
27
23
17
32
33
28
39
37
30
27
28
31
33
20
27
29
35
28
29
26
25
25
20
29
21
29
29
27
36
22
26
32
26
30
12
25
33
30
21
24
20
24
32
24
14
29
31
26
21
22
21
20
31
26
24
21
20
18
23
20
22
24
19
22
30
32
18
32
28
33
28
30
26
29
19
22
37
26
26
30
16
28
25
26
31
29
28
27
30
32
20
20
30
31
30
32
39
28
28
36
19
25
20
23
26
32
27
23
34
29
23
30
25
27
27
26
34
33
23
30
31
27
25
21
29
25
26
30
35
21
29
28
28
24
27
28
31
25
27
30
26
28
31
28
32
30
27
23
33
23
25
30
32
30
27
30
24
32
20
23
29
30
35
28
17
30
26
27
27
30
25
28
39
34
29
29
32
25
22
28
30
34
30
25
25
29
27
26
32
25
25
30
27
27
22
27
18
23
22
32
34
22
21
29
27
26
23
27
25
20
21
30
33
33
19
27
30
26
28
27
36
31
36
22
21
32
31
26
20
23
28
25
37
30
32
28
21
29
28
23
38
21
31
16
29
38
31
34
28
25
26
26
33
31
26
29
38
29
21
20
24
28
27
37
33
31
40
33
32
32
34
24
29
26
25
24
27
30
29
22
32
35
21
23
37
24
24
19
19
24
31
26
27
27
24
33
26
38
25
23
30
33
29
22
29
31
18
20
31
26
21
25
27
22
23
27
22
27
33
30
28
28
32
28
14
30
32
28
26
29
28
30
24
23
ARC:1000
592
619
624
616
641
648
639
630
636
631
619
631
634
609
616
612
622
594
628
611
608
618
584
622
634
600
620
633
627
603
352
484
497
583
557
580
586
572
596
594
608
604
583
609
611
621
608
638
630
611
619
625
627
649
614
610
615
608
628
610
615
645
632
619
614
658
613
630
605
631
637
606
628
631
603
626
631
617
636
632
EACLOCK
570
577
608
571
599
606
600
590
581
599
589
573
583
574
587
577
587
549
578
573
588
562
540
589
620
579
592
601
606
573
413
539
511
569
533
552
560
543
578
574
571
579
553
573
569
567
570
569
568
556
555
590
555
597
571
566
550
561
576
558
EACLOCK
606
620
643
620
640
642
640
641
619
626
618
621
616
603
623
615
637
595
617
622
609
600
584
631
653
619
635
631
631
611
405
492
467
537
489
509
502
509
517
518
523
526
524
520
523
517
514
520
516
520
512
540
519
547
518
527
511
496
532
512
EACLOCK
606
620
643
620
640
642
640
641
619
626
618
621
616
603
623
615
637
595
617
622
609
600
584
631
653
619
635
631
631
611
405
492
467
537
489
509
502
509
517
518
523
526
524
520
523
517
514
520
516
520
512
540
519
547
518
527
511
496
532
512
EACLOCK-FDW
642
661
661
653
670
670
664
657
646
648
642
644
638
640
641
654
651
627
651
661
642
636
610
659
674
647
665
658
658
647
332
425
452
528
507
525
545
535
576
566
567
585
569
569
585
584
573
590
589
590
598
616
603
632
599
592
592
593
619
598
2Q
592
606
633
603
624
637
628
631
624
629
596
613
613
607
606
607
619
593
616
612
597
608
581
616
641
610
616
630
625
605
365
450
469
550
534
562
571
574
593
608
617
610
596
595
611
608
611
632
620
609
614
623
624
651
607
611
606
601
619
599
S3-FIFO
624
635
644
624
654
661
647
658
640
644
632
634
631
626
626
626
635
613
633
641
618
629
604
634
648
633
643
639
633
619
345
462
485
561
541
556
577
564
594
600
612
614
597
602
613
628
613
636
617
616
625
632
625
666
629
623
617
621
635
625
LIRS:1000
592
604
623
609
636
633
620
622
619
631
608
611
626
591
611
603
619
578
600
595
605
610
579
617
632
599
613
623
621
587
350
479
492
574
561
588
611
600
612
623
622
625
593
616
630
618
615
629
610
593
605
617
618
649
612
598
596
602
629
603
Clock Sweep
553
556
591
546
575
591
587
573
565
579
560
551
564
558
572
559
565
539
555
556
565
534
516
566
597
559
567
589
592
562
411
545
516
575
530
540
555
539
570
563
567
561
541
568
555
552
556
563
550
543
547
582
547
589
566
552
544
548
563
553
ARC:1000
592
619
624
616
641
648
639
630
636
631
619
631
634
609
616
612
622
594
628
611
608
618
584
622
634
600
620
633
627
603
352
484
497
583
557
580
586
572
596
594
608
604
583
609
611
621
608
638
630
611
619
625
627
649
614
610
615
608
628
610
615
645
632
619
614
658
613
630
605
631
637
606
628
631
603
626
631
617
636
632
