RamSize=1000 start
378
551
520
588
564
589
600
598
610
624
623
628
593
615
632
617
616
629
612
593
606
618
618
649
611
599
596
601
629
603
614
630
618
617
597
648
597
618
583
622
619
603
608
623
601
619
619
602
614
621
613
587
614
611
625
621
607
599
649
649
607
618
614
619
599
609
571
601
616
597
591
613
623
630
624
606
625
617
593
635
580
614
625
595
650
620
593
636
633
618
623
628
618
628
643
617
631
606
590
601
604
611
614
624
600
599
601
627
629
630
620
613
653
626
611
603
627
618
623
639
589
629
622
598
613
630
633
614
609
601
627
626
606
624
650
616
617
602
615
615
620
627
626
633
618
587
605
623
582
587
597
611
638
624
632
634
619
620
624
621
598
612
605
613
608
616
620
599
628
638
631
616
607
617
609
620
612
612
612
640
627
603
628
618
610
613
634
626
608
608
624
608
601
617
582
604
620
641
622
623
617
595
627
626
612
603
601
607
619
652
613
621
629
618
620
583
596
627
608
617
617
595
602
616
613
626
613
615
614
602
633
632
607
635
617
589
600
607
612
627
604
610
617
617
629
637
616
603
615
607
595
621
623
594
620
634
618
611
595
609
623
624
625
591
609
623
596
608
599
629
619
612
602
602
638
620
620
609
624
621
611
621
614
584
617
608
615
611
628
628
623
632
569
622
590
627
628
602
604
620
626
621
605
610
617
600
604
608
614
592
611
632
613
636
620
625
611
592
636
618
599
610
611
592
626
615
604
637
627
583
621
608
621
619
606
608
597
632
599
625
632
621
629
630
643
614
622
633
638
613
618
633
601
621
636
607
602
618
605
614
635
624
622
600
588
634
621
587
594
635
618
614
616
613
592
596
608
598
581
602
616
602
614
626
607
601
603
629
624
594
629
602
588
613
599
607
610
608
634
625
622
632
619
607
617
603
577
615
622
648
625
631
600
613
624
644
635
618
598
619
635
587
602
584
587
601
620
603
615
603
606
621
623
603
605
609
610
632
592
625
615
612
638
645
643
611
633
602
618
625
636
631
635
624
617
600
624
618
621
593
615
618
611
615
608
618
587
625
608
613
592
604
623
609
636
633
620
622
619
631
608
611
626
591
611
603
619
578
600
595
605
610
579
617
632
599
613
623
621
587
------------------
350
479
492
574
561
588
611
600
612
623
622
625
593
616
630
618
615
629
610
593
605
617
618
649
612
598
596
602
629
603
613
631
618
617
596
649
596
619
583
622
618
603
609
623
601
619
619
602
614
620
614
587
614
611
625
621
606
600
648
650
607
618
613
620
599
609
570
601
617
597
591
613
623
630
624
605
626
616
594
635
580
613
626
594
650
621
593
636
633
618
622
628
619
628
642
617
632
606
590
601
604
611
613
624
600
599
601
628
629
630
619
614
653
625
611
603
627
618
624
638
590
628
623
597
613
631
632
615
609
601
627
626
605
624
650
617
617
601
615
616
619
628
626
632
618
588
604
624
582
587
597
611
638
624
632
634
618
620
624
621
598
612
606
613
607
617
620
599
627
638
631
617
607
616
609
620
612
612
612
640
628
602
628
618
611
612
635
625
609
607
624
609
600
617
583
604
620
640
622
623
617
596
626
626
613
602
601
608
618
652
614
620
629
618
620
583
596
628
608
617
616
595
602
616
613
627
613
614
615
602
633
632
607
635
617
589
599
608
612
627
604
610
616
618
629
637
615
603
616
606
596
620
623
594
620
634
619
611
595
609
622
624
626
591
609
623
596
608
599
629
618
613
601
603
638
620
619
610
624
621
610
621
614
584
618
607
615
612
628
627
624
632
569
622
589
628
627
603
603
621
625
621
606
610
617
600
603
609
613
593
610
633
612
637
620
624
611
593
636
618
599
609
611
593
626
614
604
637
628
582
622
608
621
619
606
607
598
632
598
625
632
621
630
630
643
613
623
632
638
613
619
633
600
622
635
608
601
619
604
615
634
625
621
601
587
635
620
588
594
634
618
615
616
612
593
595
609
598
581
601
617
602
614
626
606
601
603
629
625
593
629
602
589
613
598
608
610
607
634
626
622
632
618
607
618
603
576
616
622
648
625
630
601
613
624
644
634
619
598
619
634
587
602
584
587
601
621
602
616
603
605
621
624
603
604
609
611
631
593
625
615
612
638
644
644
611
632
602
619
625
636
631
635
624
617
599
625
618
621
593
615
618
611
615
608
617
587
626
608
613
592
604
623
608
636
634
620
621
620
631
608
611
625
592
610
603
619
579
600
594
606
610
578
618
632
599
613
623
621
RamSize=1000 start
777
930
822
852
830
818
851
868
924
911
864
894
892
822
899
841
797
787
875
902
853
829
869
918
843
852
886
903
855
894
867
920
850
852
924
870
874
861
872
837
969
914
874
917
893
898
884
878
915
921
865
857
903
948
878
879
845
892
887
858
912
806
854
924
876
876
926
861
871
885
876
867
825
909
898
908
849
872
878
935
869
912
919
886
877
866
850
886
889
956
919
869
911
901
905
856
926
925
931
923
894
964
927
879
882
855
879
874
842
821
894
947
898
892
876
899
891
928
919
911
939
875
955
930
897
880
863
911
947
870
875
856
953
956
949
866
917
934
970
932
901
872
881
963
891
956
876
868
875
886
883
932
873
920
857
881
870
834
873
941
918
862
914
881
883
879
842
928
872
879
903
938
881
832
923
922
956
882
876
877
885
958
861
930
863
926
858
925
900
904
861
897
823
837
930
930
865
825
875
946
838
873
881
876
933
921
886
924
896
892
870
894
882
940
911
866
885
916
844
843
829
928
876
882
865
883
911
876
883
933
868
848
813
921
942
838
914
836
837
866
907
870
957
914
952
842
863
867
848
852
864
848
933
922
871
925
839
862
820
854
876
847
909
877
899
900
912
852
859
916
833
876
883
916
952
904
821
864
868
863
844
903
905
920
865
872
880
866
867
840
815
861
880
878
869
898
868
889
881
866
938
913
877
879
849
879
840
924
922
869
850
927
838
861
862
872
878
862
859
869
877
880
870
875
872
874
919
885
885
878
826
884
906
878
874
871
866
920
929
943
934
858
891
905
874
878
828
976
928
951
959
909
870
880
887
872
853
924
939
974
878
861
873
884
923
881
823
872
863
854
850
938
853
920
876
903
932
914
941
901
868
900
875
874
908
884
885
930
877
939
919
836
864
851
871
837
899
944
914
887
925
865
894
891
890
880
902
907
933
922
878
869
917
918
863
853
939
921
908
878
918
877
871
907
892
878
892
952
877
930
894
886
922
927
902
832
853
864
928
827
879
873
850
835
868
871
939
922
885
874
826
938
871
914
874
926
867
910
921
880
875
930
890
864
836
837
883
853
876
922
871
873
911
872
865
867
860
873
878
877
877
924
925
877
871
873
875
840
931
879
922
827
886
850
844
864
906
898
952
930
------------------
893
893
849
876
814
864
933
891
865
840
850
949
924
916
860
898
895
873
885
862
862
867
841
876
859
854
868
856
862
885
883
895
869
863
925
922
881
865
956
916
945
859
863
876
927
857
876
871
867
824
907
884
878
879
878
884
863
862
928
867
835
923
876
868
855
959
933
933
874
924
880
891
840
836
831
836
917
930
891
821
854
866
928
856
886
914
886
916
889
923
873
884
879
916
908
863
872
884
926
845
856
940
950
908
893
913
838
868
891
914
864
834
887
933
882
913
885
890
852
871
886
881
867
884
925
890
873
928
838
860
873
919
836
887
853
935
921
933
892
875
878
853
862
864
893
874
842
868
936
844
879
859
927
927
838
865
868
881
880
854
857
832
874
880
875
904
887
889
874
872
872
851
821
873
860
906
972
851
874
899
873
856
874
836
893
875
961
883
871
867
874
870
906
911
871
918
874
859
884
904
934
924
868
859
878
857
923
854
896
922
870
852
904
925
948
881
873
885
842
925
923
905
890
959
885
945
876
876
846
948
916
924
891
905
971
871
875
874
896
936
879
880
878
873
881
881
909
915
949
876
866
870
846
918
896
891
829
882
887
975
887
881
930
867
873
872
832
855
828
859
883
919
908
867
878
918
870
831
833
866
861
824
942
882
907
844
946
889
923
942
912
944
922
814
880
870
840
849
891
888
877
863
883
877
880
828
829
869
874
848
877
864
898
874
856
832
929
902
895
921
850
874
862
829
878
884
922
873
889
870
860
894
931
851
835
938
907
950
917
888
844
878
831
869
881
867
865
909
908
906
895
870
875
871
846
873
836
883
878
882
872
886
878
888
876
930
859
917
873
930
876
874
923
892
925
869
874
924
889
879
899
822
873
839
873
859
870
880
857
883
850
825
862
882
900
910
940
877
923
858
882
835
892
936
931
921
830
917
921
870
866
896
904
866
831
868
862
872
931
932
831
902
932
874
870
830
877
872
893
874
879
929
895
924
839
895
845
900
891
929
939
873
855
869
918
881
864
873
889
865
874
913
857
881
878
934
925
926
868
877
923
880
876
854
847
846
846
928
931
921
902
915
887
864
879
881
953
917
883
877
879
911
895
908
875
928
938
864
870
948
922
921
863
852
886
928
937
834
867
899
RamSize=1000 start
777
930
822
852
830
818
851
868
924
911
864
894
892
822
899
841
797
787
875
902
853
829
869
918
843
852
886
903
855
894
867
920
850
852
924
870
874
861
872
837
969
914
874
917
893
898
884
878
915
921
865
857
903
948
878
879
845
892
887
858
912
806
854
924
876
876
926
861
871
885
876
867
825
909
898
908
849
872
878
935
869
912
919
886
877
866
850
886
889
956
919
869
911
901
905
856
926
925
931
923
894
964
927
879
882
855
879
874
842
821
894
947
898
892
876
899
891
928
919
911
939
875
955
930
897
880
863
911
947
870
875
856
953
956
949
866
917
934
970
932
901
872
881
963
891
956
876
868
875
886
883
932
873
920
857
881
870
834
873
941
918
862
914
881
883
879
842
928
872
879
903
938
881
832
923
922
956
882
876
877
885
958
861
930
863
926
858
925
900
904
861
897
823
837
930
930
865
825
875
946
838
873
881
876
933
921
886
924
896
892
870
894
882
940
911
866
885
916
844
843
829
928
876
882
865
883
911
876
883
933
868
848
813
921
942
838
914
836
837
866
907
870
957
914
952
842
863
867
848
852
864
848
933
922
871
925
839
862
820
854
876
847
909
877
899
900
912
852
859
916
833
876
883
916
952
904
821
864
868
863
844
903
905
920
865
872
880
866
867
840
815
861
880
878
869
898
868
889
881
866
938
913
877
879
849
879
840
924
922
869
850
927
838
861
862
872
878
862
859
869
877
880
870
875
872
874
919
885
885
878
826
884
906
878
874
871
866
920
929
943
934
858
891
905
874
878
828
976
928
951
959
909
870
880
887
872
853
924
939
974
878
861
873
884
923
881
823
872
863
854
850
938
853
920
876
903
932
914
941
901
868
900
875
874
908
884
885
930
877
939
919
836
864
851
871
837
899
944
914
887
925
865
894
891
890
880
902
907
933
922
878
869
917
918
863
853
939
921
908
878
918
877
871
907
892
878
892
952
877
930
894
886
922
927
902
832
853
864
928
827
879
873
850
835
868
871
939
922
885
874
826
938
871
914
874
926
867
910
921
880
875
930
890
864
836
837
883
853
876
922
871
873
911
872
865
867
860
873
878
877
877
924
925
877
871
873
875
840
931
879
922
827
886
850
844
864
906
898
952
930
------------------
893
893
849
876
814
864
933
891
865
840
850
949
924
916
860
898
895
873
885
862
862
867
841
876
859
854
868
856
862
885
883
895
869
863
925
922
881
865
956
916
945
859
863
876
927
857
876
871
867
824
907
884
878
879
878
884
863
862
928
867
835
923
876
868
855
959
933
933
874
924
880
891
840
836
831
836
917
930
891
821
854
866
928
856
886
914
886
916
889
923
873
884
879
916
908
863
872
884
926
845
856
940
950
908
893
913
838
868
891
914
864
834
887
933
882
913
885
890
852
871
886
881
867
884
925
890
873
928
838
860
873
919
836
887
853
935
921
933
892
875
878
853
862
864
893
874
842
868
936
844
879
859
927
927
838
865
868
881
880
854
857
832
874
880
875
904
887
889
874
872
872
851
821
873
860
906
972
851
874
899
873
856
874
836
893
875
961
883
871
867
874
870
906
911
871
918
874
859
884
904
934
924
868
859
878
857
923
854
896
922
870
852
904
925
948
881
873
885
842
925
923
905
890
959
885
945
876
876
846
948
916
924
891
905
971
871
875
874
896
936
879
880
878
873
881
881
909
915
949
876
866
870
846
918
896
891
829
882
887
975
887
881
930
867
873
872
832
855
828
859
883
919
908
867
878
918
870
831
833
866
861
824
942
882
907
844
946
889
923
942
912
944
922
814
880
870
840
849
891
888
877
863
883
877
880
828
829
869
874
848
877
864
898
874
856
832
929
902
895
921
850
874
862
829
878
884
922
873
889
870
860
894
931
851
835
938
907
950
917
888
844
878
831
869
881
867
865
909
908
906
895
870
875
871
846
873
836
883
878
882
872
886
878
888
876
930
859
917
873
930
876
874
923
892
925
869
874
924
889
879
899
822
873
839
873
859
870
880
857
883
850
825
862
882
900
910
940
877
923
858
882
835
892
936
931
921
830
917
921
870
866
896
904
866
831
868
862
872
931
932
831
902
932
874
870
830
877
872
893
874
879
929
895
924
839
895
845
900
891
929
939
873
855
869
918
881
864
873
889
865
874
913
857
881
878
934
925
926
868
877
923
880
876
854
847
846
846
928
931
921
902
915
887
864
879
881
953
917
883
877
879
911
895
908
875
928
938
864
870
948
922
921
863
852
886
928
937
834
867
899
RamSize=1000 start
777
930
822
852
830
818
851
868
924
911
864
894
892
822
899
841
797
787
875
902
853
829
869
918
843
852
886
903
855
894
867
920
850
852
924
870
874
861
872
837
969
914
874
917
893
898
884
878
915
921
865
857
903
948
878
879
845
892
887
858
912
806
854
924
876
876
926
861
871
885
876
867
825
909
898
908
849
872
878
935
869
912
919
886
877
866
850
886
889
956
919
869
911
901
905
856
926
925
931
923
894
964
927
879
882
855
879
874
842
821
894
947
898
892
876
899
891
928
919
911
939
875
955
930
897
880
863
911
947
870
875
856
953
956
949
866
917
934
970
932
901
872
881
963
891
956
876
868
875
886
883
932
873
920
857
881
870
834
873
941
918
862
914
881
883
879
842
928
872
879
903
938
881
832
923
922
956
882
876
877
885
958
861
930
863
926
858
925
900
904
861
897
823
837
930
930
865
825
875
946
838
873
881
876
933
921
886
924
896
892
870
894
882
940
911
866
885
916
844
843
829
928
876
882
865
883
911
876
883
933
868
848
813
921
942
838
914
836
837
866
907
870
957
914
952
842
863
867
848
852
864
848
933
922
871
925
839
862
820
854
876
847
909
877
899
900
912
852
859
916
833
876
883
916
952
904
821
864
868
863
844
903
905
920
865
872
880
866
867
840
815
861
880
878
869
898
868
889
881
866
938
913
877
879
849
879
840
924
922
869
850
927
838
861
862
872
878
862
859
869
877
880
870
875
872
874
919
885
885
878
826
884
906
878
874
871
866
920
929
943
934
858
891
905
874
878
828
976
928
951
959
909
870
880
887
872
853
924
939
974
878
861
873
884
923
881
823
872
863
854
850
938
853
920
876
903
932
914
941
901
868
900
875
874
908
884
885
930
877
939
919
836
864
851
871
837
899
944
914
887
925
865
894
891
890
880
902
907
933
922
878
869
917
918
863
853
939
921
908
878
918
877
871
907
892
878
892
952
877
930
894
886
922
927
902
832
853
864
928
827
879
873
850
835
868
871
939
922
885
874
826
938
871
914
874
926
867
910
921
880
875
930
890
864
836
837
883
853
876
922
871
873
911
872
865
867
860
873
878
877
877
924
925
877
871
873
875
840
931
879
922
827
886
850
844
864
906
898
952
930
------------------
893
893
849
876
814
864
933
891
865
840
850
949
924
916
860
898
895
873
885
862
862
867
841
876
859
854
868
856
862
885
883
895
869
863
925
922
881
865
956
916
945
859
863
876
927
857
876
871
867
824
907
884
878
879
878
884
863
862
928
867
835
923
876
868
855
959
933
933
874
924
880
891
840
836
831
836
917
930
891
821
854
866
928
856
886
914
886
916
889
923
873
884
879
916
908
863
872
884
926
845
856
940
950
908
893
913
838
868
891
914
864
834
887
933
882
913
885
890
852
871
886
881
867
884
925
890
873
928
838
860
873
919
836
887
853
935
921
933
892
875
878
853
862
864
893
874
842
868
936
844
879
859
927
927
838
865
868
881
880
854
857
832
874
880
875
904
887
889
874
872
872
851
821
873
860
906
972
851
874
899
873
856
874
836
893
875
961
883
871
867
874
870
906
911
871
918
874
859
884
904
934
924
868
859
878
857
923
854
896
922
870
852
904
925
948
881
873
885
842
925
923
905
890
959
885
945
876
876
846
948
916
924
891
905
971
871
875
874
896
936
879
880
878
873
881
881
909
915
949
876
866
870
846
918
896
891
829
882
887
975
887
881
930
867
873
872
832
855
828
859
883
919
908
867
878
918
870
831
833
866
861
824
942
882
907
844
946
889
923
942
912
944
922
814
880
870
840
849
891
888
877
863
883
877
880
828
829
869
874
848
877
864
898
874
856
832
929
902
895
921
850
874
862
829
878
884
922
873
889
870
860
894
931
851
835
938
907
950
917
888
844
878
831
869
881
867
865
909
908
906
895
870
875
871
846
873
836
883
878
882
872
886
878
888
876
930
859
917
873
930
876
874
923
892
925
869
874
924
889
879
899
822
873
839
873
859
870
880
857
883
850
825
862
882
900
910
940
877
923
858
882
835
892
936
931
921
830
917
921
870
866
896
904
866
831
868
862
872
931
932
831
902
932
874
870
830
877
872
893
874
879
929
895
924
839
895
845
900
891
929
939
873
855
869
918
881
864
873
889
865
874
913
857
881
878
934
925
926
868
877
923
880
876
854
847
846
846
928
931
921
902
915
887
864
879
881
953
917
883
877
879
911
895
908
875
928
938
864
870
948
922
921
863
852
886
928
937
834
867
899
RamSize=1000 start
777
930
822
852
830
818
851
868
924
911
864
894
892
822
899
841
797
787
875
902
853
829
869
918
843
852
886
903
855
894
867
920
850
852
924
870
874
861
872
837
969
914
874
917
893
898
884
878
915
921
865
857
903
948
878
879
845
892
887
858
912
806
854
924
876
876
926
861
871
885
876
867
825
909
898
908
849
872
878
935
869
912
919
886
877
866
850
886
889
956
919
869
911
901
905
856
926
925
931
923
894
964
927
879
882
855
879
874
842
821
894
947
898
892
876
899
891
928
919
911
939
875
955
930
897
880
863
911
947
870
875
856
953
956
949
866
917
934
970
932
901
872
881
963
891
956
876
868
875
886
883
932
873
920
857
881
870
834
873
941
918
862
914
881
883
879
842
928
872
879
903
938
881
832
923
922
956
882
876
877
885
958
861
930
863
926
858
925
900
904
861
897
823
837
930
930
865
825
875
946
838
873
881
876
933
921
886
924
896
892
870
894
882
940
911
866
885
916
844
843
829
928
876
882
865
883
911
876
883
933
868
848
813
921
942
838
914
836
837
866
907
870
957
914
952
842
863
867
848
852
864
848
933
922
871
925
839
862
820
854
876
847
909
877
899
900
912
852
859
916
833
876
883
916
952
904
821
864
868
863
844
903
905
920
865
872
880
866
867
840
815
861
880
878
869
898
868
889
881
866
938
913
877
879
849
879
840
924
922
869
850
927
838
861
862
872
878
862
859
869
877
880
870
875
872
874
919
885
885
878
826
884
906
878
874
871
866
920
929
943
934
858
891
905
874
878
828
976
928
951
959
909
870
880
887
872
853
924
939
974
878
861
873
884
923
881
823
872
863
854
850
938
853
920
876
903
932
914
941
901
868
900
875
874
908
884
885
930
877
939
919
836
864
851
871
837
899
944
914
887
925
865
894
891
890
880
902
907
933
922
878
869
917
918
863
853
939
921
908
878
918
877
871
907
892
878
892
952
877
930
894
886
922
927
902
832
853
864
928
827
879
873
850
835
868
871
939
922
885
874
826
938
871
914
874
926
867
910
921
880
875
930
890
864
836
837
883
853
876
922
871
873
911
872
865
867
860
873
878
877
877
924
925
877
871
873
875
840
931
879
922
827
886
850
844
864
906
898
952
930
------------------
893
893
849
876
814
864
933
891
865
840
850
949
924
916
860
898
895
873
885
862
862
867
841
876
859
854
868
856
862
885
883
895
869
863
925
922
881
865
956
916
945
859
863
876
927
857
876
871
867
824
907
884
878
879
878
884
863
862
928
867
835
923
876
868
855
959
933
933
874
924
880
891
840
836
831
836
917
930
891
821
854
866
928
856
886
914
886
916
889
923
873
884
879
916
908
863
872
884
926
845
856
940
950
908
893
913
838
868
891
914
864
834
887
933
882
913
885
890
852
871
886
881
867
884
925
890
873
928
838
860
873
919
836
887
853
935
921
933
892
875
878
853
862
864
893
874
842
868
936
844
879
859
927
927
838
865
868
881
880
854
857
832
874
880
875
904
887
889
874
872
872
851
821
873
860
906
972
851
874
899
873
856
874
836
893
875
961
883
871
867
874
870
906
911
871
918
874
859
884
904
934
924
868
859
878
857
923
854
896
922
870
852
904
925
948
881
873
885
842
925
923
905
890
959
885
945
876
876
846
948
916
924
891
905
971
871
875
874
896
936
879
880
878
873
881
881
909
915
949
876
866
870
846
918
896
891
829
882
887
975
887
881
930
867
873
872
832
855
828
859
883
919
908
867
878
918
870
831
833
866
861
824
942
882
907
844
946
889
923
942
912
944
922
814
880
870
840
849
891
888
877
863
883
877
880
828
829
869
874
848
877
864
898
874
856
832
929
902
895
921
850
874
862
829
878
884
922
873
889
870
860
894
931
851
835
938
907
950
917
888
844
878
831
869
881
867
865
909
908
906
895
870
875
871
846
873
836
883
878
882
872
886
878
888
876
930
859
917
873
930
876
874
923
892
925
869
874
924
889
879
899
822
873
839
873
859
870
880
857
883
850
825
862
882
900
910
940
877
923
858
882
835
892
936
931
921
830
917
921
870
866
896
904
866
831
868
862
872
931
932
831
902
932
874
870
830
877
872
893
874
879
929
895
924
839
895
845
900
891
929
939
873
855
869
918
881
864
873
889
865
874
913
857
881
878
934
925
926
868
877
923
880
876
854
847
846
846
928
931
921
902
915
887
864
879
881
953
917
883
877
879
911
895
908
875
928
938
864
870
948
922
921
863
852
886
928
937
834
867
899
RamSize=1000 start
379
551
520
588
564
588
600
598
610
624
623
628
594
614
632
618
616
629
611
594
605
619
617
649
612
598
596
601
630
602
615
629
619
616
598
647
597
618
583
622
619
603
608
624
601
618
619
603
613
621
613
588
613
611
625
621
608
598
649
650
607
618
614
618
599
609
571
601
616
597
592
613
622
631
624
606
624
617
593
635
580
614
625
595
650
621
592
636
634
617
624
627
619
628
642
617
632
605
590
602
603
611
614
624
600
599
601
628
628
631
620
613
652
626
611
604
626
618
623
639
590
629
621
599
612
631
632
615
608
602
626
626
606
625
649
617
617
602
615
614
621
626
626
634
617
587
605
624
582
587
597
610
638
625
632
633
619
620
625
621
597
612
606
613
607
617
620
599
627
638
631
617
606
617
609
620
613
611
612
641
626
604
628
617
610
614
633
627
607
609
623
609
600
617
582
605
620
641
622
622
617
595
627
626
612
604
600
607
619
653
613
621
628
618
620
584
596
626
609
617
616
596
602
615
613
626
613
615
614
602
634
632
606
636
616
589
600
607
613
626
605
610
616
617
630
637
616
603
615
606
596
620
624
593
620
635
618
610
595
609
623
625
625
590
609
624
595
608
600
629
619
611
602
603
637
620
620
610
624
620
611
621
615
583
617
609
614
611
629
627
623
632
570
622
590
626
629
601
605
619
627
620
605
611
617
599
604
609
613
592
611
632
613
637
619
625
611
593
636
618
598
610
612
591
627
614
605
637
627
582
621
609
620
620
606
607
598
631
599
625
632
621
630
629
643
614
623
633
638
613
618
633
600
621
636
608
601
618
605
614
635
625
622
599
588
635
621
587
594
634
619
613
616
613
593
595
609
597
581
602
616
602
614
626
607
601
603
629
625
593
630
601
589
612
600
606
610
608
635
625
622
632
618
608
616
604
576
616
622
648
624
631
600
613
624
644
635
618
599
618
635
588
602
584
587
601
620
602
616
602
607
620
623
604
604
609
610
633
591
625
616
611
638
646
642
612
633
602
618
625
635
631
635
624
617
600
624
618
621
594
615
618
611
614
608
618
587
625
608
613
592
605
623
608
637
633
619
622
619
631
608
611
626
592
610
603
619
579
600
594
606
610
578
617
633
599
613
622
622
587
------------------
606
602
602
579
627
610
626
622
622
605
610
640
642
618
619
631
643
622
635
633
621
627
631
640
608
619
621
617
615
603
629
607
609
625
611
606
582
629
606
609
593
573
650
601
616
622
616
603
584
604
622
599
609
641
615
616
612
623
625
614
591
604
597
617
611
599
610
595
609
628
634
621
584
619
617
613
621
636
589
664
604
611
615
618
617
597
592
613
650
652
631
631
616
647
630
644
610
618
597
600
609
617
613
616
593
585
648
585
624
596
622
638
612
604
618
622
628
616
605
601
624
627
621
592
624
615
618
602
628
600
614
606
615
615
632
633
602
609
607
606
607
643
616
586
611
631
622
615
610
595
642
616
637
599
628
639
612
628
604
636
609
614
644
638
619
600
603
612
593
615
618
631
599
621
612
622
606
618
649
637
617
607
612
619
623
623
606
644
609
608
598
593
613
597
648
627
609
616
590
605
616
610
605
587
609
627
596
601
639
623
607
612
615
624
591
620
621
605
605
572
611
598
607
635
630
625
609
642
613
597
648
611
619
640
610
602
611
610
628
615
607
603
626
632
592
651
668
618
598
606
598
619
603
627
612
611
577
621
587
618
597
591
591
610
624
611
631
608
600
619
614
605
605
609
620
596
626
594
606
624
593
629
612
593
618
616
596
620
617
625
620
640
610
595
623
622
589
619
658
615
607
599
590
636
617
600
608
602
637
625
623
598
618
593
606
601
642
620
633
601
603
615
613
586
625
601
624
629
646
612
617
634
590
623
611
637
653
612
613
617
623
598
608
606
609
607
630
624
649
614
628
605
598
651
624
632
609
602
605
608
603
609
602
606
600
599
613
640
597
611
598
610
593
624
613
605
626
650
617
628
617
621
608
627
624
623
620
587
593
606
624
612
629
623
605
618
627
611
658
593
621
642
618
606
593
580
615
630
597
617
587
579
636
624
628
610
601
626
588
600
619
620
598
625
623
621
611
618
611
588
628
635
607
582
622
633
603
611
609
616
603
603
609
607
599
611
630
612
637
629
598
597
623
613
608
617
585
627
631
622
608
612
595
598
604
615
621
595
593
600
616
600
626
622
620
604
597
630
628
614
587
608
635
621
601
621
600
633
634
611
631
601
606
607
618
623
613
635
656
622
RamSize=1000 start
379
551
520
588
564
588
600
598
610
624
623
628
594
614
632
618
616
629
611
594
605
619
617
649
612
598
596
601
630
602
615
629
619
616
598
647
597
618
583
622
619
603
608
624
601
618
619
603
613
621
613
588
613
611
625
621
608
598
649
650
607
618
614
618
599
609
571
601
616
597
592
613
622
631
624
606
624
617
593
635
580
614
625
595
650
621
592
636
634
617
624
627
619
628
642
617
632
605
590
602
603
611
614
624
600
599
601
628
628
631
620
613
652
626
611
604
626
618
623
639
590
629
621
599
612
631
632
615
608
602
626
626
606
625
649
617
617
602
615
614
621
626
626
634
617
587
605
624
582
587
597
610
638
625
632
633
619
620
625
621
597
612
606
613
607
617
620
599
627
638
631
617
606
617
609
620
613
611
612
641
626
604
628
617
610
614
633
627
607
609
623
609
600
617
582
605
620
641
622
622
617
595
627
626
612
604
600
607
619
653
613
621
628
618
620
584
596
626
609
617
616
596
602
615
613
626
613
615
614
602
634
632
606
636
616
589
600
607
613
626
605
610
616
617
630
637
616
603
615
606
596
620
624
593
620
635
618
610
595
609
623
625
625
590
609
624
595
608
600
629
619
611
602
603
637
620
620
610
624
620
611
621
615
583
617
609
614
611
629
627
623
632
570
622
590
626
629
601
605
619
627
620
605
611
617
599
604
609
613
592
611
632
613
637
619
625
611
593
636
618
598
610
612
591
627
614
605
637
627
582
621
609
620
620
606
607
598
631
599
625
632
621
630
629
643
614
623
633
638
613
618
633
600
621
636
608
601
618
605
614
635
625
622
599
588
635
621
587
594
634
619
613
616
613
593
595
609
597
581
602
616
602
614
626
607
601
603
629
625
593
630
601
589
612
600
606
610
608
635
625
622
632
618
608
616
604
576
616
622
648
624
631
600
613
624
644
635
618
599
618
635
588
602
584
587
601
620
602
616
602
607
620
623
604
604
609
610
633
591
625
616
611
638
646
642
612
633
602
618
625
635
631
635
624
617
600
624
618
621
594
615
618
611
614
608
618
587
625
608
613
592
605
623
608
637
633
619
622
619
631
608
611
626
592
610
603
619
579
600
594
606
610
578
617
633
599
613
622
622
587
------------------
606
602
602
579
627
610
626
622
622
605
610
640
642
618
619
631
643
622
635
633
621
627
631
640
608
619
621
617
615
603
629
607
609
625
611
606
582
629
606
609
593
573
650
601
616
622
616
603
584
604
622
599
609
641
615
616
612
623
625
614
591
604
597
617
611
599
610
595
609
628
634
621
584
619
617
613
621
636
589
664
604
611
615
618
617
597
592
613
650
652
631
631
616
647
630
644
610
618
597
600
609
617
613
616
593
585
648
585
624
596
622
638
612
604
618
622
628
616
605
601
624
627
621
592
624
615
618
602
628
600
614
606
615
615
632
633
602
609
607
606
607
643
616
586
611
631
622
615
610
595
642
616
637
599
628
639
612
628
604
636
609
614
644
638
619
600
603
612
593
615
618
631
599
621
612
622
606
618
649
637
617
607
612
619
623
623
606
644
609
608
598
593
613
597
648
627
609
616
590
605
616
610
605
587
609
627
596
601
639
623
607
612
615
624
591
620
621
605
605
572
611
598
607
635
630
625
609
642
613
597
648
611
619
640
610
602
611
610
628
615
607
603
626
632
592
651
668
618
598
606
598
619
603
627
612
611
577
621
587
618
597
591
591
610
624
611
631
608
600
619
614
605
605
609
620
596
626
594
606
624
593
629
612
593
618
616
596
620
617
625
620
640
610
595
623
622
589
619
658
615
607
599
590
636
617
600
608
602
637
625
623
598
618
593
606
601
642
620
633
601
603
615
613
586
625
601
624
629
646
612
617
634
590
623
611
637
653
612
613
617
623
598
608
606
609
607
630
624
649
614
628
605
598
651
624
632
609
602
605
608
603
609
602
606
600
599
613
640
597
611
598
610
593
624
613
605
626
650
617
628
617
621
608
627
624
623
620
587
593
606
624
612
629
623
605
618
627
611
658
593
621
642
618
606
593
580
615
630
597
617
587
579
636
624
628
610
601
626
588
600
619
620
598
625
623
621
611
618
611
588
628
635
607
582
622
633
603
611
609
616
603
603
609
607
599
611
630
612
637
629
598
597
623
613
608
617
585
627
631
622
608
612
595
598
604
615
621
595
593
600
616
600
626
622
620
604
597
630
628
614
587
608
635
621
601
621
600
633
634
611
631
601
606
607
618
623
613
635
656
622
RamSize=1000 start
379
551
520
588
564
588
600
598
610
624
623
628
594
614
632
618
616
629
611
594
605
619
617
649
612
598
596
601
630
602
615
629
619
616
598
647
597
618
583
622
619
603
608
624
601
618
619
603
613
621
613
588
613
611
625
621
608
598
649
650
607
618
614
618
599
609
571
601
616
597
592
613
622
631
624
606
624
617
593
635
580
614
625
595
650
621
592
636
634
617
624
627
619
628
642
617
632
605
590
602
603
611
614
624
600
599
601
628
628
631
620
613
652
626
611
604
626
618
623
639
590
629
621
599
612
631
632
615
608
602
626
626
606
625
649
617
617
602
615
614
621
626
626
634
617
587
605
624
582
587
597
610
638
625
632
633
619
620
625
621
597
612
606
613
607
617
620
599
627
638
631
617
606
617
609
620
613
611
612
641
626
604
628
617
610
614
633
627
607
609
623
609
600
617
582
605
620
641
622
622
617
595
627
626
612
604
600
607
619
653
613
621
628
618
620
584
596
626
609
617
616
596
602
615
613
626
613
615
614
602
634
632
606
636
616
589
600
607
613
626
605
610
616
617
630
637
616
603
615
606
596
620
624
593
620
635
618
610
595
609
623
625
625
590
609
624
595
608
600
629
619
611
602
603
637
620
620
610
624
620
611
621
615
583
617
609
614
611
629
627
623
632
570
622
590
626
629
601
605
619
627
620
605
611
617
599
604
609
613
592
611
632
613
637
619
625
611
593
636
618
598
610
612
591
627
614
605
637
627
582
621
609
620
620
606
607
598
631
599
625
632
621
630
629
643
614
623
633
638
613
618
633
600
621
636
608
601
618
605
614
635
625
622
599
588
635
621
587
594
634
619
613
616
613
593
595
609
597
581
602
616
602
614
626
607
601
603
629
625
593
630
601
589
612
600
606
610
608
635
625
622
632
618
608
616
604
576
616
622
648
624
631
600
613
624
644
635
618
599
618
635
588
602
584
587
601
620
602
616
602
607
620
623
604
604
609
610
633
591
625
616
611
638
646
642
612
633
602
618
625
635
631
635
624
617
600
624
618
621
594
615
618
611
614
608
618
587
625
608
613
592
605
623
608
637
633
619
622
619
631
608
611
626
592
610
603
619
579
600
594
606
610
578
617
633
599
613
622
622
587
------------------
606
602
602
579
627
610
626
622
622
605
610
640
642
618
619
631
643
622
635
633
621
627
631
640
608
619
621
617
615
603
629
607
609
625
611
606
582
629
606
609
593
573
650
601
616
622
616
603
584
604
622
599
609
641
615
616
612
623
625
614
591
604
597
617
611
599
610
595
609
628
634
621
584
619
617
613
621
636
589
664
604
611
615
618
617
597
592
613
650
652
631
631
616
647
630
644
610
618
597
600
609
617
613
616
593
585
648
585
624
596
622
638
612
604
618
622
628
616
605
601
624
627
621
592
624
615
618
602
628
600
614
606
615
615
632
633
602
609
607
606
607
643
616
586
611
631
622
615
610
595
642
616
637
599
628
639
612
628
604
636
609
614
644
638
619
600
603
612
593
615
618
631
599
621
612
622
606
618
649
637
617
607
612
619
623
623
606
644
609
608
598
593
613
597
648
627
609
616
590
605
616
610
605
587
609
627
596
601
639
623
607
612
615
624
591
620
621
605
605
572
611
598
607
635
630
625
609
642
613
597
648
611
619
640
610
602
611
610
628
615
607
603
626
632
592
651
668
618
598
606
598
619
603
627
612
611
577
621
587
618
597
591
591
610
624
611
631
608
600
619
614
605
605
609
620
596
626
594
606
624
593
629
612
593
618
616
596
620
617
625
620
640
610
595
623
622
589
619
658
615
607
599
590
636
617
600
608
602
637
625
623
598
618
593
606
601
642
620
633
601
603
615
613
586
625
601
624
629
646
612
617
634
590
623
611
637
653
612
613
617
623
598
608
606
609
607
630
624
649
614
628
605
598
651
624
632
609
602
605
608
603
609
602
606
600
599
613
640
597
611
598
610
593
624
613
605
626
650
617
628
617
621
608
627
624
623
620
587
593
606
624
612
629
623
605
618
627
611
658
593
621
642
618
606
593
580
615
630
597
617
587
579
636
624
628
610
601
626
588
600
619
620
598
625
623
621
611
618
611
588
628
635
607
582
622
633
603
611
609
616
603
603
609
607
599
611
630
612
637
629
598
597
623
613
608
617
585
627
631
622
608
612
595
598
604
615
621
595
593
600
616
600
626
622
620
604
597
630
628
614
587
608
635
621
601
621
600
633
634
611
631
601
606
607
618
623
613
635
656
622
RamSize=1000 start
777
930
822
852
830
818
851
868
924
911
864
894
892
822
899
841
797
787
875
902
853
829
869
918
843
852
886
903
855
894
867
920
850
852
924
870
874
861
872
837
969
914
874
917
893
898
884
878
915
921
865
857
903
948
878
879
845
892
887
858
912
806
854
924
876
876
926
861
871
885
876
867
825
909
898
908
849
872
878
935
869
912
919
886
877
866
850
886
889
956
919
869
911
901
905
856
926
925
931
923
894
964
927
879
882
855
879
874
842
821
894
947
898
892
876
899
891
928
919
911
939
875
955
930
897
880
863
911
947
870
875
856
953
956
949
866
917
934
970
932
901
872
881
963
891
956
876
868
875
886
883
932
873
920
857
881
870
834
873
941
918
862
914
881
883
879
842
928
872
879
903
938
881
832
923
922
956
882
876
877
885
958
861
930
863
926
858
925
900
904
861
897
823
837
930
930
865
825
875
946
838
873
881
876
933
921
886
924
896
892
870
894
882
940
911
866
885
916
844
843
829
928
876
882
865
883
911
876
883
933
868
848
813
921
942
838
914
836
837
866
907
870
957
914
952
842
863
867
848
852
864
848
933
922
871
925
839
862
820
854
876
847
909
877
899
900
912
852
859
916
833
876
883
916
952
904
821
864
868
863
844
903
905
920
865
872
880
866
867
840
815
861
880
878
869
898
868
889
881
866
938
913
877
879
849
879
840
924
922
869
850
927
838
861
862
872
878
862
859
869
877
880
870
875
872
874
919
885
885
878
826
884
906
878
874
871
866
920
929
943
934
858
891
905
874
878
828
976
928
951
959
909
870
880
887
872
853
924
939
974
878
861
873
884
923
881
823
872
863
854
850
938
853
920
876
903
932
914
941
901
868
900
875
874
908
884
885
930
877
939
919
836
864
851
871
837
899
944
914
887
925
865
894
891
890
880
902
907
933
922
878
869
917
918
863
853
939
921
908
878
918
877
871
907
892
878
892
952
877
930
894
886
922
927
902
832
853
864
928
827
879
873
850
835
868
871
939
922
885
874
826
938
871
914
874
926
867
910
921
880
875
930
890
864
836
837
883
853
876
922
871
873
911
872
865
867
860
873
878
877
877
924
925
877
871
873
875
840
931
879
922
827
886
850
844
864
906
898
952
930
------------------
893
893
849
876
814
864
933
891
865
840
850
949
924
916
860
898
895
873
885
862
862
867
841
876
859
854
868
856
862
885
883
895
869
863
925
922
881
865
956
916
945
859
863
876
927
857
876
871
867
824
907
884
878
879
878
884
863
862
928
867
835
923
876
868
855
959
933
933
874
924
880
891
840
836
831
836
917
930
891
821
854
866
928
856
886
914
886
916
889
923
873
884
879
916
908
863
872
884
926
845
856
940
950
908
893
913
838
868
891
914
864
834
887
933
882
913
885
890
852
871
886
881
867
884
925
890
873
928
838
860
873
919
836
887
853
935
921
933
892
875
878
853
862
864
893
874
842
868
936
844
879
859
927
927
838
865
868
881
880
854
857
832
874
880
875
904
887
889
874
872
872
851
821
873
860
906
972
851
874
899
873
856
874
836
893
875
961
883
871
867
874
870
906
911
871
918
874
859
884
904
934
924
868
859
878
857
923
854
896
922
870
852
904
925
948
881
873
885
842
925
923
905
890
959
885
945
876
876
846
948
916
924
891
905
971
871
875
874
896
936
879
880
878
873
881
881
909
915
949
876
866
870
846
918
896
891
829
882
887
975
887
881
930
867
873
872
832
855
828
859
883
919
908
867
878
918
870
831
833
866
861
824
942
882
907
844
946
889
923
942
912
944
922
814
880
870
840
849
891
888
877
863
883
877
880
828
829
869
874
848
877
864
898
874
856
832
929
902
895
921
850
874
862
829
878
884
922
873
889
870
860
894
931
851
835
938
907
950
917
888
844
878
831
869
881
867
865
909
908
906
895
870
875
871
846
873
836
883
878
882
872
886
878
888
876
930
859
917
873
930
876
874
923
892
925
869
874
924
889
879
899
822
873
839
873
859
870
880
857
883
850
825
862
882
900
910
940
877
923
858
882
835
892
936
931
921
830
917
921
870
866
896
904
866
831
868
862
872
931
932
831
902
932
874
870
830
877
872
893
874
879
929
895
924
839
895
845
900
891
929
939
873
855
869
918
881
864
873
889
865
874
913
857
881
878
934
925
926
868
877
923
880
876
854
847
846
846
928
931
921
902
915
887
864
879
881
953
917
883
877
879
911
895
908
875
928
938
864
870
948
922
921
863
852
886
928
937
834
867
899
RamSize=1000 start
456
628
665
674
692
683
714
743
709
732
718
735
728
733
734
727
739
748
691
727
725
717
740
702
716
686
720
728
704
708
717
742
728
752
720
744
701
710
748
716
718
731
719
746
748
705
739
743
716
738
707
730
732
730
728
743
728
728
749
735
731
715
714
720
740
711
698
754
716
708
728
716
718
723
737
733
727
721
751
749
734
733
722
714
723
733
737
728
731
724
733
704
731
728
690
732
737
691
746
743
739
726
728
698
757
719
719
749
741
722
732
710
714
745
721
724
743
733
710
720
716
723
715
729
689
719
701
715
726
736
715
728
733
718
716
719
710
731
729
747
713
733
720
719
707
740
714
751
740
712
705
710
744
701
731
693
717
728
738
748
734
722
740
709
733
738
716
730
727
741
722
736
737
710
703
700
742
731
702
754
712
724
723
729
698
715
740
715
695
715
720
705
727
752
737
747
707
724
719
722
725
708
739
748
754
732
745
706
725
721
754
727
717
742
724
715
740
720
706
726
735
707
726
734
723
718
733
719
712
734
703
734
732
732
718
716
711
722
716
701
734
701
717
743
720
729
734
724
745
731
723
724
725
733
742
725
714
707
716
724
714
717
717
734
701
711
719
718
724
701
702
716
715
715
730
728
721
712
720
689
722
689
727
711
711
723
719
706
710
706
724
724
753
760
729
721
731
731
725
721
708
713
722
725
723
714
721
694
703
690
708
736
714
744
727
722
754
729
745
718
733
719
746
704
732
711
687
728
763
699
714
704
698
723
718
698
724
729
753
736
744
721
722
722
723
714
718
703
735
691
718
713
735
724
713
758
744
709
715
723
759
720
714
749
717
716
732
727
717
738
728
758
727
725
718
721
714
703
718
743
713
713
722
736
703
755
738
718
729
733
705
727
724
700
706
735
734
693
721
745
725
700
739
705
717
738
732
713
733
696
724
721
731
727
718
756
756
713
691
724
707
711
719
732
737
726
726
723
710
717
729
745
726
748
733
727
682
718
712
719
721
707
727
714
706
725
726
725
719
707
722
720
688
714
746
725
736
725
722
724
715
742
706
708
714
730
719
712
716
723
706
699
710
725
712
702
727
731
710
727
763
700
738
703
712
733
739
730
697
716
728
704
713
722
724
701
739
739
704
716
------------------
720
702
716
709
726
713
719
737
717
728
719
716
735
702
752
756
748
701
714
707
732
724
721
717
696
729
721
713
707
720
729
720
732
714
701
719
716
698
735
715
740
696
707
720
732
724
712
715
731
772
741
717
744
738
727
721
715
740
744
698
701
705
713
727
726
720
715
713
726
740
696
739
722
731
710
732
719
747
737
749
712
740
726
709
735
745
710
711
740
755
701
747
728
738
728
714
728
710
689
714
731
744
713
718
718
722
693
718
729
737
721
726
713
749
743
730
725
728
731
740
740
713
708
710
732
707
733
733
735
710
698
727
719
718
732
718
723
723
719
750
716
720
725
709
728
716
726
708
712
745
691
723
739
718
746
716
681
743
698
707
723
729
721
725
728
680
724
705
731
736
700
737
704
716
738
695
713
709
715
733
721
708
740
721
732
693
736
719
740
718
724
729
729
733
727
721
710
712
723
736
718
728
713
724
709
731
712
726
726
713
729
730
730
776
709
726
733
722
729
719
734
749
730
770
742
734
731
725
728
722
704
724
734
709
732
750
708
733
730
710
730
711
720
737
744
714
714
710
731
707
721
719
717
742
722
752
699
714
707
755
724
695
723
707
747
707
725
719
730
749
710
727
719
726
737
750
743
746
742
721
711
713
705
722
707
716
736
712
722
721
751
733
719
699
708
729
715
707
744
707
713
707
747
752
722
741
717
712
727
724
726
735
735
746
728
696
733
720
725
707
732
718
727
717
738
708
733
703
723
713
704
727
707
706
726
705
733
721
708
707
730
714
730
719
720
729
727
715
726
735
701
717
717
714
740
708
741
700
717
723
713
724
726
736
733
731
719
734
722
706
737
732
707
735
726
725
718
743
724
731
729
730
709
718
728
747
724
740
728
726
742
729
719
728
736
725
748
720
735
722
711
731
710
729
724
718
714
733
727
717
725
688
725
735
732
758
716
741
704
707
714
735
730
714
739
727
731
730
705
727
726
727
741
720
734
728
718
726
707
732
722
709
707
708
746
717
733
712
727
731
754
688
720
739
719
755
722
736
734
738
712
721
695
706
751
717
730
721
697
738
734
704
700
715
709
722
722
713
723
695
709
726
732
731
728
712
720
712
717
701
715
731
713
699
708
712
728
721
697
