RamSize=1000 start
292
417
449
533
514
544
573
562
595
602
624
625
614
616
622
638
622
640
624
623
626
638
634
663
631
623
617
623
634
628
649
654
653
628
627
657
636
642
608
642
637
622
631
649
622
653
650
634
649
641
641
606
626
635
650
659
627
618
673
668
628
635
639
643
621
633
601
628
647
618
619
636
647
648
641
631
652
643
616
661
612
630
647
604
670
644
621
668
669
626
654
649
632
643
651
657
653
629
619
632
637
644
651
637
613
626
620
650
653
648
635
638
669
656
642
625
650
642
643
660
622
657
637
623
637
653
659
646
629
624
651
645
630
638
673
631
639
627
638
646
641
644
642
651
638
626
620
642
610
621
619
645
659
641
656
673
651
646
657
630
623
637
635
644
643
641
637
615
641
657
660
649
626
639
626
633
639
642
627
673
647
622
654
642
620
644
655
650
627
614
658
646
628
642
609
636
644
666
640
643
642
618
656
655
630
618
630
621
648
668
640
646
645
634
640
606
620
644
621
626
646
621
621
637
646
639
636
642
631
633
649
652
629
656
631
631
637
630
628
646
641
632
651
648
654
665
641
623
631
628
626
642
649
618
634
639
639
638
620
649
639
647
646
614
642
635
622
632
622
646
640
625
645
623
650
645
641
630
649
637
632
651
634
616
637
632
635
633
650
646
645
654
582
642
622
642
639
623
638
644
647
640
635
642
637
612
626
640
632
619
641
648
637
655
648
641
630
615
651
651
637
643
651
626
653
639
621
674
649
603
641
640
624
628
625
636
618
656
611
640
658
636
662
653
667
644
633
646
650
636
634
663
621
633
654
630
645
638
624
629
650
644
652
626
621
655
652
630
621
649
654
640
631
634
621
624
624
631
605
617
633
630
645
661
624
618
634
652
648
613
651
625
623
631
618
641
639
633
641
657
644
660
645
636
639
634
594
635
649
667
648
652
625
635
656
653
652
637
632
640
656
615
622
599
619
632
641
625
637
632
622
634
648
621
632
628
628
662
625
646
641
644
662
665
658
630
646
619
637
644
656
656
657
638
642
620
653
633
637
610
631
634
635
639
636
652
605
637
638
638
624
635
644
624
654
661
647
658
640
644
632
634
631
626
626
626
635
613
633
641
618
629
604
634
648
633
643
639
633
619
------------------
345
462
485
561
541
556
577
564
594
600
612
614
597
602
613
628
613
636
617
616
625
632
625
666
629
623
617
621
635
625
644
654
650
626
624
661
634
641
609
644
639
622
635
645
620
650
653
633
648
638
641
608
624
635
648
659
624
617
673
669
627
635
638
645
620
633
599
625
650
619
618
636
646
648
642
628
652
642
619
658
611
627
647
603
671
645
622
665
670
624
651
649
630
643
649
656
654
629
620
633
637
642
649
638
612
623
617
650
652
649
633
638
668
656
644
623
649
640
641
659
621
656
637
623
638
655
659
648
629
622
650
645
626
638
674
633
639
625
635
646
642
648
641
648
637
626
619
644
610
621
617
647
657
642
658
669
652
648
657
628
619
638
636
645
647
641
636
616
643
659
660
649
625
637
626
634
639
639
630
671
647
620
653
642
621
643
655
648
629
612
658
647
627
642
609
635
644
666
642
643
641
618
656
653
629
615
629
622
646
669
640
645
648
635
642
605
620
644
622
628
645
621
621
638
645
641
636
641
631
632
649
652
629
655
631
631
638
630
628
648
640
632
649
648
656
665
640
623
632
627
627
641
649
617
634
639
641
639
622
647
639
647
647
613
642
637
622
632
622
647
640
625
644
626
650
645
642
631
650
639
634
651
635
618
636
632
636
635
652
645
647
655
582
642
620
644
639
624
638
646
647
641
635
642
636
611
627
641
634
618
640
650
635
657
646
639
629
618
652
649
635
642
652
626
652
639
619
675
649
602
641
638
625
629
624
634
620
656
609
641
658
635
663
652
667
642
636
644
651
636
635
661
621
634
652
630
643
637
624
629
649
643
650
626
621
654
650
631
620
645
652
641
629
634
622
621
623
632
606
616
633
632
646
662
623
619
634
652
647
610
652
626
624
628
617
642
637
633
641
657
643
659
644
636
640
632
592
634
648
668
648
651
625
635
656
654
651
638
631
640
655
613
622
599
618
631
642
626
637
632
621
635
648
621
631
629
629
661
626
646
641
644
662
663
659
631
646
620
638
643
657
658
658
639
642
616
652
634
637
611
632
634
637
638
637
653
606
638
637
641
624
638
643
623
653
661
647
658
641
644
632
634
631
625
625
627
633
616
633
640
617
628
605
635
649
634
642
638
633
RamSize=1000 start
292
417
449
533
514
544
573
562
595
602
624
625
614
616
622
638
622
640
624
623
626
638
634
663
631
623
617
623
634
628
649
654
653
628
627
657
636
642
608
642
637
622
631
649
622
653
650
634
649
641
641
606
626
635
650
659
627
618
673
668
628
635
639
643
621
633
601
628
647
618
619
636
647
648
641
631
652
643
616
661
612
630
647
604
670
644
621
668
669
626
654
649
632
643
651
657
653
629
619
632
637
644
651
637
613
626
620
650
653
648
635
638
669
656
642
625
650
642
643
660
622
657
637
623
637
653
659
646
629
624
651
645
630
638
673
631
639
627
638
646
641
644
642
651
638
626
620
642
610
621
619
645
659
641
656
673
651
646
657
630
623
637
635
644
643
641
637
615
641
657
660
649
626
639
626
633
639
642
627
673
647
622
654
642
620
644
655
650
627
614
658
646
628
642
609
636
644
666
640
643
642
618
656
655
630
618
630
621
648
668
640
646
645
634
640
606
620
644
621
626
646
621
621
637
646
639
636
642
631
633
649
652
629
656
631
631
637
630
628
646
641
632
651
648
654
665
641
623
631
628
626
642
649
618
634
639
639
638
620
649
639
647
646
614
642
635
622
632
622
646
640
625
645
623
650
645
641
630
649
637
632
651
634
616
637
632
635
633
650
646
645
654
582
642
622
642
639
623
638
644
647
640
635
642
637
612
626
640
632
619
641
648
637
655
648
641
630
615
651
651
637
643
651
626
653
639
621
674
649
603
641
640
624
628
625
636
618
656
611
640
658
636
662
653
667
644
633
646
650
636
634
663
621
633
654
630
645
638
624
629
650
644
652
626
621
655
652
630
621
649
654
640
631
634
621
624
624
631
605
617
633
630
645
661
624
618
634
652
648
613
651
625
623
631
618
641
639
633
641
657
644
660
645
636
639
634
594
635
649
667
648
652
625
635
656
653
652
637
632
640
656
615
622
599
619
632
641
625
637
632
622
634
648
621
632
628
628
662
625
646
641
644
662
665
658
630
646
619
637
644
656
656
657
638
642
620
653
633
637
610
631
634
635
639
636
652
605
637
638
638
624
635
644
624
654
661
647
658
640
644
632
634
631
626
626
626
635
613
633
641
618
629
604
634
648
633
643
639
633
619
------------------
345
462
485
561
541
556
577
564
594
600
612
614
597
602
613
628
613
636
617
616
625
632
625
666
629
623
617
621
635
625
644
654
650
626
624
661
634
641
609
644
639
622
635
645
620
650
653
633
648
638
641
608
624
635
648
659
624
617
673
669
627
635
638
645
620
633
599
625
650
619
618
636
646
648
642
628
652
642
619
658
611
627
647
603
671
645
622
665
670
624
651
649
630
643
649
656
654
629
620
633
637
642
649
638
612
623
617
650
652
649
633
638
668
656
644
623
649
640
641
659
621
656
637
623
638
655
659
648
629
622
650
645
626
638
674
633
639
625
635
646
642
648
641
648
637
626
619
644
610
621
617
647
657
642
658
669
652
648
657
628
619
638
636
645
647
641
636
616
643
659
660
649
625
637
626
634
639
639
630
671
647
620
653
642
621
643
655
648
629
612
658
647
627
642
609
635
644
666
642
643
641
618
656
653
629
615
629
622
646
669
640
645
648
635
642
605
620
644
622
628
645
621
621
638
645
641
636
641
631
632
649
652
629
655
631
631
638
630
628
648
640
632
649
648
656
665
640
623
632
627
627
641
649
617
634
639
641
639
622
647
639
647
647
613
642
637
622
632
622
647
640
625
644
626
650
645
642
631
650
639
634
651
635
618
636
632
636
635
652
645
647
655
582
642
620
644
639
624
638
646
647
641
635
642
636
611
627
641
634
618
640
650
635
657
646
639
629
618
652
649
635
642
652
626
652
639
619
675
649
602
641
638
625
629
624
634
620
656
609
641
658
635
663
652
667
642
636
644
651
636
635
661
621
634
652
630
643
637
624
629
649
643
650
626
621
654
650
631
620
645
652
641
629
634
622
621
623
632
606
616
633
632
646
662
623
619
634
652
647
610
652
626
624
628
617
642
637
633
641
657
643
659
644
636
640
632
592
634
648
668
648
651
625
635
656
654
651
638
631
640
655
613
622
599
618
631
642
626
637
632
621
635
648
621
631
629
629
661
626
646
641
644
662
663
659
631
646
620
638
643
657
658
658
639
642
616
652
634
637
611
632
634
637
638
637
653
606
638
637
641
624
638
643
623
653
661
647
658
641
644
632
634
631
625
625
627
633
616
633
640
617
628
605
635
649
634
642
638
633
RamSize=1000 start
774
910
789
822
794
785
818
855
913
907
852
888
881
792
895
827
754
750
863
901
846
821
876
924
843
841
889
905
839
898
875
922
828
855
926
879
882
869
875
824
973
917
855
922
897
902
887
884
922
921
870
859
912
951
889
887
841
887
896
845
916
806
862
933
884
876
929
835
889
877
880
871
846
907
899
916
861
884
885
946
882
918
913
877
878
858
850
887
898
956
923
872
874
901
918
839
934
935
931
930
878
950
930
882
896
854
892
880
844
841
899
947
899
901
897
904
889
932
927
863
944
883
931
929
889
882
872
909
947
850
876
873
955
955
926
852
914
939
969
934
896
879
876
964
899
956
878
861
879
886
892
935
873
904
861
883
871
841
876
944
922
886
924
864
885
886
854
927
881
888
911
937
885
844
929
926
955
898
886
849
888
955
878
931
869
930
874
925
908
911
881
910
824
870
933
938
871
833
868
944
840
876
885
886
939
922
896
907
887
903
865
857
886
937
914
873
891
921
846
844
834
930
872
889
848
882
909
873
878
936
870
871
835
925
943
847
918
846
848
885
914
880
925
880
955
829
850
884
847
859
878
848
941
926
873
930
843
870
834
863
882
882
897
882
904
898
907
851
866
909
826
888
882
919
959
913
837
875
873
858
860
930
909
919
855
883
882
873
856
838
819
866
928
861
845
897
860
888
882
877
943
919
882
878
853
885
836
925
924
872
857
925
833
877
874
871
883
877
870
923
883
888
879
882
874
864
925
893
900
891
841
882
905
893
876
880
876
926
935
942
927
868
895
903
896
894
848
975
932
955
956
917
872
883
891
871
840
925
939
975
877
834
877
887
930
879
845
873
872
860
841
930
857
926
873
902
933
916
950
910
888
902
883
867
904
865
891
930
879
942
927
838
861
870
885
846
904
945
926
894
924
875
898
898
895
889
911
915
936
930
882
874
914
925
872
831
946
928
912
879
923
884
881
901
859
872
899
955
861
936
897
892
931
922
910
842
856
868
930
831
881
886
855
844
848
842
946
923
877
860
835
940
881
921
887
909
872
906
926
888
887
935
892
875
857
850
888
883
892
922
878
885
920
870
885
871
872
884
888
887
887
931
933
887
870
877
884
840
939
885
929
848
901
856
832
862
911
866
956
934
------------------
890
881
854
877
833
845
937
919
867
832
870
905
931
922
880
909
906
889
908
882
860
873
864
882
834
868
874
834
862
937
897
906
876
865
928
926
857
851
954
923
947
868
868
883
931
851
883
883
858
844
901
882
881
881
862
887
882
878
940
869
839
925
877
839
863
967
945
941
883
930
896
883
864
843
849
862
922
925
897
827
860
877
932
844
895
919
895
924
894
928
880
900
882
919
905
873
877
894
928
864
927
939
910
893
896
921
836
866
891
921
876
845
893
937
891
918
868
888
846
876
892
891
905
893
931
903
871
936
827
878
878
914
837
889
858
940
923
936
890
859
881
860
864
854
896
847
858
874
957
875
880
853
927
932
836
870
864
889
891
863
862
835
878
884
882
904
881
870
881
916
879
867
855
890
869
911
876
891
891
909
886
868
886
867
872
873
890
885
873
848
880
882
910
914
880
923
890
875
869
918
931
927
879
856
863
866
915
865
912
924
876
854
865
894
917
888
883
895
846
931
935
913
896
961
893
912
876
881
864
949
916
924
894
907
970
884
886
886
903
942
888
894
883
884
888
884
925
919
956
892
860
869
856
924
900
893
835
890
895
975
891
892
936
879
884
877
850
838
832
864
923
959
924
875
890
923
881
850
907
886
870
830
944
893
911
846
914
895
924
948
918
945
926
833
896
878
860
851
897
897
880
916
886
883
952
861
813
874
873
823
875
871
897
881
837
829
924
910
872
876
842
877
880
844
878
885
923
876
896
858
874
885
931
860
837
946
907
947
920
897
855
882
846
877
877
870
870
906
914
908
902
888
879
879
823
937
850
880
881
890
884
892
882
897
927
949
852
917
884
935
886
880
931
886
930
842
888
932
892
883
901
821
873
836
902
858
882
885
873
890
836
817
864
892
894
880
916
935
924
841
853
850
920
928
938
924
841
929
923
885
875
899
912
872
857
923
889
882
929
932
818
908
935
874
870
852
884
890
888
851
886
930
894
931
834
914
880
910
896
935
942
876
861
870
886
883
866
880
954
898
878
926
870
881
880
939
925
930
876
893
931
896
886
864
853
827
873
932
934
926
910
915
892
849
886
897
961
915
864
884
885
907
898
917
887
932
944
867
870
954
928
922
864
861
890
929
942
838
851
895
RamSize=1000 start
774
910
789
822
794
785
818
855
913
907
852
888
881
792
895
827
754
750
863
901
846
821
876
924
843
841
889
905
839
898
875
922
828
855
926
879
882
869
875
824
973
917
855
922
897
902
887
884
922
921
870
859
912
951
889
887
841
887
896
845
916
806
862
933
884
876
929
835
889
877
880
871
846
907
899
916
861
884
885
946
882
918
913
877
878
858
850
887
898
956
923
872
874
901
918
839
934
935
931
930
878
950
930
882
896
854
892
880
844
841
899
947
899
901
897
904
889
932
927
863
944
883
931
929
889
882
872
909
947
850
876
873
955
955
926
852
914
939
969
934
896
879
876
964
899
956
878
861
879
886
892
935
873
904
861
883
871
841
876
944
922
886
924
864
885
886
854
927
881
888
911
937
885
844
929
926
955
898
886
849
888
955
878
931
869
930
874
925
908
911
881
910
824
870
933
938
871
833
868
944
840
876
885
886
939
922
896
907
887
903
865
857
886
937
914
873
891
921
846
844
834
930
872
889
848
882
909
873
878
936
870
871
835
925
943
847
918
846
848
885
914
880
925
880
955
829
850
884
847
859
878
848
941
926
873
930
843
870
834
863
882
882
897
882
904
898
907
851
866
909
826
888
882
919
959
913
837
875
873
858
860
930
909
919
855
883
882
873
856
838
819
866
928
861
845
897
860
888
882
877
943
919
882
878
853
885
836
925
924
872
857
925
833
877
874
871
883
877
870
923
883
888
879
882
874
864
925
893
900
891
841
882
905
893
876
880
876
926
935
942
927
868
895
903
896
894
848
975
932
955
956
917
872
883
891
871
840
925
939
975
877
834
877
887
930
879
845
873
872
860
841
930
857
926
873
902
933
916
950
910
888
902
883
867
904
865
891
930
879
942
927
838
861
870
885
846
904
945
926
894
924
875
898
898
895
889
911
915
936
930
882
874
914
925
872
831
946
928
912
879
923
884
881
901
859
872
899
955
861
936
897
892
931
922
910
842
856
868
930
831
881
886
855
844
848
842
946
923
877
860
835
940
881
921
887
909
872
906
926
888
887
935
892
875
857
850
888
883
892
922
878
885
920
870
885
871
872
884
888
887
887
931
933
887
870
877
884
840
939
885
929
848
901
856
832
862
911
866
956
934
------------------
890
881
854
877
833
845
937
919
867
832
870
905
931
922
880
909
906
889
908
882
860
873
864
882
834
868
874
834
862
937
897
906
876
865
928
926
857
851
954
923
947
868
868
883
931
851
883
883
858
844
901
882
881
881
862
887
882
878
940
869
839
925
877
839
863
967
945
941
883
930
896
883
864
843
849
862
922
925
897
827
860
877
932
844
895
919
895
924
894
928
880
900
882
919
905
873
877
894
928
864
927
939
910
893
896
921
836
866
891
921
876
845
893
937
891
918
868
888
846
876
892
891
905
893
931
903
871
936
827
878
878
914
837
889
858
940
923
936
890
859
881
860
864
854
896
847
858
874
957
875
880
853
927
932
836
870
864
889
891
863
862
835
878
884
882
904
881
870
881
916
879
867
855
890
869
911
876
891
891
909
886
868
886
867
872
873
890
885
873
848
880
882
910
914
880
923
890
875
869
918
931
927
879
856
863
866
915
865
912
924
876
854
865
894
917
888
883
895
846
931
935
913
896
961
893
912
876
881
864
949
916
924
894
907
970
884
886
886
903
942
888
894
883
884
888
884
925
919
956
892
860
869
856
924
900
893
835
890
895
975
891
892
936
879
884
877
850
838
832
864
923
959
924
875
890
923
881
850
907
886
870
830
944
893
911
846
914
895
924
948
918
945
926
833
896
878
860
851
897
897
880
916
886
883
952
861
813
874
873
823
875
871
897
881
837
829
924
910
872
876
842
877
880
844
878
885
923
876
896
858
874
885
931
860
837
946
907
947
920
897
855
882
846
877
877
870
870
906
914
908
902
888
879
879
823
937
850
880
881
890
884
892
882
897
927
949
852
917
884
935
886
880
931
886
930
842
888
932
892
883
901
821
873
836
902
858
882
885
873
890
836
817
864
892
894
880
916
935
924
841
853
850
920
928
938
924
841
929
923
885
875
899
912
872
857
923
889
882
929
932
818
908
935
874
870
852
884
890
888
851
886
930
894
931
834
914
880
910
896
935
942
876
861
870
886
883
866
880
954
898
878
926
870
881
880
939
925
930
876
893
931
896
886
864
853
827
873
932
934
926
910
915
892
849
886
897
961
915
864
884
885
907
898
917
887
932
944
867
870
954
928
922
864
861
890
929
942
838
851
895
RamSize=1000 start
774
910
789
822
794
785
818
855
913
907
852
888
881
792
895
827
754
750
863
901
846
821
876
924
843
841
889
905
839
898
875
922
828
855
926
879
882
869
875
824
973
917
855
922
897
902
887
884
922
921
870
859
912
951
889
887
841
887
896
845
916
806
862
933
884
876
929
835
889
877
880
871
846
907
899
916
861
884
885
946
882
918
913
877
878
858
850
887
898
956
923
872
874
901
918
839
934
935
931
930
878
950
930
882
896
854
892
880
844
841
899
947
899
901
897
904
889
932
927
863
944
883
931
929
889
882
872
909
947
850
876
873
955
955
926
852
914
939
969
934
896
879
876
964
899
956
878
861
879
886
892
935
873
904
861
883
871
841
876
944
922
886
924
864
885
886
854
927
881
888
911
937
885
844
929
926
955
898
886
849
888
955
878
931
869
930
874
925
908
911
881
910
824
870
933
938
871
833
868
944
840
876
885
886
939
922
896
907
887
903
865
857
886
937
914
873
891
921
846
844
834
930
872
889
848
882
909
873
878
936
870
871
835
925
943
847
918
846
848
885
914
880
925
880
955
829
850
884
847
859
878
848
941
926
873
930
843
870
834
863
882
882
897
882
904
898
907
851
866
909
826
888
882
919
959
913
837
875
873
858
860
930
909
919
855
883
882
873
856
838
819
866
928
861
845
897
860
888
882
877
943
919
882
878
853
885
836
925
924
872
857
925
833
877
874
871
883
877
870
923
883
888
879
882
874
864
925
893
900
891
841
882
905
893
876
880
876
926
935
942
927
868
895
903
896
894
848
975
932
955
956
917
872
883
891
871
840
925
939
975
877
834
877
887
930
879
845
873
872
860
841
930
857
926
873
902
933
916
950
910
888
902
883
867
904
865
891
930
879
942
927
838
861
870
885
846
904
945
926
894
924
875
898
898
895
889
911
915
936
930
882
874
914
925
872
831
946
928
912
879
923
884
881
901
859
872
899
955
861
936
897
892
931
922
910
842
856
868
930
831
881
886
855
844
848
842
946
923
877
860
835
940
881
921
887
909
872
906
926
888
887
935
892
875
857
850
888
883
892
922
878
885
920
870
885
871
872
884
888
887
887
931
933
887
870
877
884
840
939
885
929
848
901
856
832
862
911
866
956
934
------------------
890
881
854
877
833
845
937
919
867
832
870
905
931
922
880
909
906
889
908
882
860
873
864
882
834
868
874
834
862
937
897
906
876
865
928
926
857
851
954
923
947
868
868
883
931
851
883
883
858
844
901
882
881
881
862
887
882
878
940
869
839
925
877
839
863
967
945
941
883
930
896
883
864
843
849
862
922
925
897
827
860
877
932
844
895
919
895
924
894
928
880
900
882
919
905
873
877
894
928
864
927
939
910
893
896
921
836
866
891
921
876
845
893
937
891
918
868
888
846
876
892
891
905
893
931
903
871
936
827
878
878
914
837
889
858
940
923
936
890
859
881
860
864
854
896
847
858
874
957
875
880
853
927
932
836
870
864
889
891
863
862
835
878
884
882
904
881
870
881
916
879
867
855
890
869
911
876
891
891
909
886
868
886
867
872
873
890
885
873
848
880
882
910
914
880
923
890
875
869
918
931
927
879
856
863
866
915
865
912
924
876
854
865
894
917
888
883
895
846
931
935
913
896
961
893
912
876
881
864
949
916
924
894
907
970
884
886
886
903
942
888
894
883
884
888
884
925
919
956
892
860
869
856
924
900
893
835
890
895
975
891
892
936
879
884
877
850
838
832
864
923
959
924
875
890
923
881
850
907
886
870
830
944
893
911
846
914
895
924
948
918
945
926
833
896
878
860
851
897
897
880
916
886
883
952
861
813
874
873
823
875
871
897
881
837
829
924
910
872
876
842
877
880
844
878
885
923
876
896
858
874
885
931
860
837
946
907
947
920
897
855
882
846
877
877
870
870
906
914
908
902
888
879
879
823
937
850
880
881
890
884
892
882
897
927
949
852
917
884
935
886
880
931
886
930
842
888
932
892
883
901
821
873
836
902
858
882
885
873
890
836
817
864
892
894
880
916
935
924
841
853
850
920
928
938
924
841
929
923
885
875
899
912
872
857
923
889
882
929
932
818
908
935
874
870
852
884
890
888
851
886
930
894
931
834
914
880
910
896
935
942
876
861
870
886
883
866
880
954
898
878
926
870
881
880
939
925
930
876
893
931
896
886
864
853
827
873
932
934
926
910
915
892
849
886
897
961
915
864
884
885
907
898
917
887
932
944
867
870
954
928
922
864
861
890
929
942
838
851
895
RamSize=1000 start
774
910
789
822
794
785
818
855
913
907
852
888
881
792
895
827
754
750
863
901
846
821
876
924
843
841
889
905
839
898
875
922
828
855
926
879
882
869
875
824
973
917
855
922
897
902
887
884
922
921
870
859
912
951
889
887
841
887
896
845
916
806
862
933
884
876
929
835
889
877
880
871
846
907
899
916
861
884
885
946
882
918
913
877
878
858
850
887
898
956
923
872
874
901
918
839
934
935
931
930
878
950
930
882
896
854
892
880
844
841
899
947
899
901
897
904
889
932
927
863
944
883
931
929
889
882
872
909
947
850
876
873
955
955
926
852
914
939
969
934
896
879
876
964
899
956
878
861
879
886
892
935
873
904
861
883
871
841
876
944
922
886
924
864
885
886
854
927
881
888
911
937
885
844
929
926
955
898
886
849
888
955
878
931
869
930
874
925
908
911
881
910
824
870
933
938
871
833
868
944
840
876
885
886
939
922
896
907
887
903
865
857
886
937
914
873
891
921
846
844
834
930
872
889
848
882
909
873
878
936
870
871
835
925
943
847
918
846
848
885
914
880
925
880
955
829
850
884
847
859
878
848
941
926
873
930
843
870
834
863
882
882
897
882
904
898
907
851
866
909
826
888
882
919
959
913
837
875
873
858
860
930
909
919
855
883
882
873
856
838
819
866
928
861
845
897
860
888
882
877
943
919
882
878
853
885
836
925
924
872
857
925
833
877
874
871
883
877
870
923
883
888
879
882
874
864
925
893
900
891
841
882
905
893
876
880
876
926
935
942
927
868
895
903
896
894
848
975
932
955
956
917
872
883
891
871
840
925
939
975
877
834
877
887
930
879
845
873
872
860
841
930
857
926
873
902
933
916
950
910
888
902
883
867
904
865
891
930
879
942
927
838
861
870
885
846
904
945
926
894
924
875
898
898
895
889
911
915
936
930
882
874
914
925
872
831
946
928
912
879
923
884
881
901
859
872
899
955
861
936
897
892
931
922
910
842
856
868
930
831
881
886
855
844
848
842
946
923
877
860
835
940
881
921
887
909
872
906
926
888
887
935
892
875
857
850
888
883
892
922
878
885
920
870
885
871
872
884
888
887
887
931
933
887
870
877
884
840
939
885
929
848
901
856
832
862
911
866
956
934
------------------
890
881
854
877
833
845
937
919
867
832
870
905
931
922
880
909
906
889
908
882
860
873
864
882
834
868
874
834
862
937
897
906
876
865
928
926
857
851
954
923
947
868
868
883
931
851
883
883
858
844
901
882
881
881
862
887
882
878
940
869
839
925
877
839
863
967
945
941
883
930
896
883
864
843
849
862
922
925
897
827
860
877
932
844
895
919
895
924
894
928
880
900
882
919
905
873
877
894
928
864
927
939
910
893
896
921
836
866
891
921
876
845
893
937
891
918
868
888
846
876
892
891
905
893
931
903
871
936
827
878
878
914
837
889
858
940
923
936
890
859
881
860
864
854
896
847
858
874
957
875
880
853
927
932
836
870
864
889
891
863
862
835
878
884
882
904
881
870
881
916
879
867
855
890
869
911
876
891
891
909
886
868
886
867
872
873
890
885
873
848
880
882
910
914
880
923
890
875
869
918
931
927
879
856
863
866
915
865
912
924
876
854
865
894
917
888
883
895
846
931
935
913
896
961
893
912
876
881
864
949
916
924
894
907
970
884
886
886
903
942
888
894
883
884
888
884
925
919
956
892
860
869
856
924
900
893
835
890
895
975
891
892
936
879
884
877
850
838
832
864
923
959
924
875
890
923
881
850
907
886
870
830
944
893
911
846
914
895
924
948
918
945
926
833
896
878
860
851
897
897
880
916
886
883
952
861
813
874
873
823
875
871
897
881
837
829
924
910
872
876
842
877
880
844
878
885
923
876
896
858
874
885
931
860
837
946
907
947
920
897
855
882
846
877
877
870
870
906
914
908
902
888
879
879
823
937
850
880
881
890
884
892
882
897
927
949
852
917
884
935
886
880
931
886
930
842
888
932
892
883
901
821
873
836
902
858
882
885
873
890
836
817
864
892
894
880
916
935
924
841
853
850
920
928
938
924
841
929
923
885
875
899
912
872
857
923
889
882
929
932
818
908
935
874
870
852
884
890
888
851
886
930
894
931
834
914
880
910
896
935
942
876
861
870
886
883
866
880
954
898
878
926
870
881
880
939
925
930
876
893
931
896
886
864
853
827
873
932
934
926
910
915
892
849
886
897
961
915
864
884
885
907
898
917
887
932
944
867
870
954
928
922
864
861
890
929
942
838
851
895
RamSize=1000 start
293
417
449
533
514
543
573
562
595
602
624
625
615
615
622
639
622
639
624
624
625
639
633
663
632
622
617
623
635
627
650
653
654
627
628
656
636
642
608
642
637
622
631
649
623
652
650
635
648
641
641
607
625
635
650
659
628
617
673
669
628
635
639
642
621
633
601
628
647
618
620
636
646
649
641
631
651
643
616
661
612
630
647
604
670
645
620
668
670
625
655
648
633
643
650
657
653
629
619
633
636
644
651
637
613
626
620
651
652
649
634
639
668
656
642
626
649
642
643
660
623
657
636
624
636
653
659
647
629
624
650
645
630
639
672
632
639
627
638
645
642
643
642
651
638
626
620
643
609
622
619
644
659
642
656
672
651
646
658
630
622
637
635
645
642
642
637
615
640
657
660
650
625
639
626
633
640
641
627
674
646
623
654
641
620
645
654
651
626
615
657
647
627
642
609
637
644
666
640
642
642
618
656
655
630
619
629
621
648
669
640
646
644
634
640
607
620
643
622
626
645
622
621
636
646
639
636
642
631
633
650
652
628
657
631
630
637
630
629
645
642
632
650
648
655
664
642
623
631
627
627
641
650
617
634
640
639
637
620
649
639
648
646
613
642
636
621
632
623
646
640
624
645
624
649
645
641
631
649
636
632
651
635
615
637
632
635
633
651
645
645
654
583
641
622
642
640
622
638
644
648
639
635
643
637
611
627
640
631
619
642
647
637
656
647
641
630
616
651
651
636
643
652
625
654
638
622
674
648
603
641
640
624
629
625
635
619
655
611
640
658
636
663
652
668
643
634
646
650
636
634
663
621
632
654
631
644
638
624
629
651
644
652
625
621
656
652
630
621
648
655
639
631
634
622
623
625
630
605
617
633
630
645
661
624
618
634
652
649
612
652
624
624
630
619
640
639
633
642
657
644
660
644
637
638
635
593
636
648
668
647
652
625
635
656
653
652
637
633
639
656
616
622
599
619
632
641
624
638
631
623
633
648
621
632
628
628
663
624
646
642
643
662
666
657
630
647
618
638
644
655
656
657
638
642
620
653
633
637
611
631
634
635
638
636
652
605
637
638
638
624
636
644
623
655
661
646
658
640
644
632
634
631
626
626
626
635
614
633
640
619
629
603
634
649
633
643
638
634
619
------------------
622
618
639
611
640
624
655
645
648
633
633
667
673
646
645
649
663
643
649
650
631
654
651
654
635
640
635
647
636
632
653
626
621
649
635
638
595
642
640
650
610
594
673
637
635
651
635
622
611
643
644
619
620
664
643
646
644
647
649
640
615
627
606
636
631
627
642
609
640
651
657
641
615
637
641
633
645
655
611
677
629
631
639
651
640
622
617
650
670
682
670
650
632
662
632
668
640
631
617
641
626
639
634
627
620
612
658
614
637
626
630
648
628
625
647
636
652
640
618
617
643
647
646
619
653
642
629
636
647
618
635
625
647
634
662
652
638
624
630
618
636
667
637
613
628
649
642
616
623
621
660
634
661
615
657
666
653
640
630
649
624
632
655
654
638
627
617
655
613
644
634
646
619
652
638
639
634
644
680
649
639
630
623
648
642
646
644
673
632
626
613
612
635
628
674
628
626
640
629
641
641
635
623
603
630
650
627
617
659
652
627
634
621
642
617
650
642
643
628
600
639
614
628
646
649
637
630
663
627
625
666
636
647
653
638
617
635
647
650
641
631
630
653
655
622
665
690
625
618
628
619
647
631
652
630
624
604
659
610
648
628
614
614
631
649
632
664
646
617
643
632
622
620
629
639
628
657
610
622
644
631
660
642
622
638
636
621
647
644
642
643
660
640
621
642
643
622
649
685
643
618
629
621
663
639
622
631
617
667
644
649
616
620
630
636
643
674
644
646
621
627
633
635
622
659
626
656
656
675
636
642
651
626
652
624
648
669
627
628
640
656
619
639
636
625
635
668
646
667
646
652
632
621
665
645
658
629
633
633
642
617
631
623
620
619
634
637
661
630
625
615
627
601
646
637
617
651
670
642
642
645
645
632
651
623
646
652
634
614
630
642
629
655
650
633
634
669
628
663
614
642
677
632
629
601
616
636
637
633
651
630
607
672
640
646
634
627
651
615
612
631
650
628
638
651
643
635
635
638
606
648
655
633
612
651
649
617
618
624
633
634
629
628
618
626
629
655
633
657
653
629
623
656
632
625
639
612
636
648
657
629
635
619
620
623
643
648
631
613
634
642
624
642
637
645
628
629
645
650
626
611
641
651
646
625
639
629
646
647
634
656
620
637
631
643
660
646
665
676
646
RamSize=1000 start
293
417
449
533
514
543
573
562
595
602
624
625
615
615
622
639
622
639
624
624
625
639
633
663
632
622
617
623
635
627
650
653
654
627
628
656
636
642
608
642
637
622
631
649
623
652
650
635
648
641
641
607
625
635
650
659
628
617
673
669
628
635
639
642
621
633
601
628
647
618
620
636
646
649
641
631
651
643
616
661
612
630
647
604
670
645
620
668
670
625
655
648
633
643
650
657
653
629
619
633
636
644
651
637
613
626
620
651
652
649
634
639
668
656
642
626
649
642
643
660
623
657
636
624
636
653
659
647
629
624
650
645
630
639
672
632
639
627
638
645
642
643
642
651
638
626
620
643
609
622
619
644
659
642
656
672
651
646
658
630
622
637
635
645
642
642
637
615
640
657
660
650
625
639
626
633
640
641
627
674
646
623
654
641
620
645
654
651
626
615
657
647
627
642
609
637
644
666
640
642
642
618
656
655
630
619
629
621
648
669
640
646
644
634
640
607
620
643
622
626
645
622
621
636
646
639
636
642
631
633
650
652
628
657
631
630
637
630
629
645
642
632
650
648
655
664
642
623
631
627
627
641
650
617
634
640
639
637
620
649
639
648
646
613
642
636
621
632
623
646
640
624
645
624
649
645
641
631
649
636
632
651
635
615
637
632
635
633
651
645
645
654
583
641
622
642
640
622
638
644
648
639
635
643
637
611
627
640
631
619
642
647
637
656
647
641
630
616
651
651
636
643
652
625
654
638
622
674
648
603
641
640
624
629
625
635
619
655
611
640
658
636
663
652
668
643
634
646
650
636
634
663
621
632
654
631
644
638
624
629
651
644
652
625
621
656
652
630
621
648
655
639
631
634
622
623
625
630
605
617
633
630
645
661
624
618
634
652
649
612
652
624
624
630
619
640
639
633
642
657
644
660
644
637
638
635
593
636
648
668
647
652
625
635
656
653
652
637
633
639
656
616
622
599
619
632
641
624
638
631
623
633
648
621
632
628
628
663
624
646
642
643
662
666
657
630
647
618
638
644
655
656
657
638
642
620
653
633
637
611
631
634
635
638
636
652
605
637
638
638
624
636
644
623
655
661
646
658
640
644
632
634
631
626
626
626
635
614
633
640
619
629
603
634
649
633
643
638
634
619
------------------
622
618
639
611
640
624
655
645
648
633
633
667
673
646
645
649
663
643
649
650
631
654
651
654
635
640
635
647
636
632
653
626
621
649
635
638
595
642
640
650
610
594
673
637
635
651
635
622
611
643
644
619
620
664
643
646
644
647
649
640
615
627
606
636
631
627
642
609
640
651
657
641
615
637
641
633
645
655
611
677
629
631
639
651
640
622
617
650
670
682
670
650
632
662
632
668
640
631
617
641
626
639
634
627
620
612
658
614
637
626
630
648
628
625
647
636
652
640
618
617
643
647
646
619
653
642
629
636
647
618
635
625
647
634
662
652
638
624
630
618
636
667
637
613
628
649
642
616
623
621
660
634
661
615
657
666
653
640
630
649
624
632
655
654
638
627
617
655
613
644
634
646
619
652
638
639
634
644
680
649
639
630
623
648
642
646
644
673
632
626
613
612
635
628
674
628
626
640
629
641
641
635
623
603
630
650
627
617
659
652
627
634
621
642
617
650
642
643
628
600
639
614
628
646
649
637
630
663
627
625
666
636
647
653
638
617
635
647
650
641
631
630
653
655
622
665
690
625
618
628
619
647
631
652
630
624
604
659
610
648
628
614
614
631
649
632
664
646
617
643
632
622
620
629
639
628
657
610
622
644
631
660
642
622
638
636
621
647
644
642
643
660
640
621
642
643
622
649
685
643
618
629
621
663
639
622
631
617
667
644
649
616
620
630
636
643
674
644
646
621
627
633
635
622
659
626
656
656
675
636
642
651
626
652
624
648
669
627
628
640
656
619
639
636
625
635
668
646
667
646
652
632
621
665
645
658
629
633
633
642
617
631
623
620
619
634
637
661
630
625
615
627
601
646
637
617
651
670
642
642
645
645
632
651
623
646
652
634
614
630
642
629
655
650
633
634
669
628
663
614
642
677
632
629
601
616
636
637
633
651
630
607
672
640
646
634
627
651
615
612
631
650
628
638
651
643
635
635
638
606
648
655
633
612
651
649
617
618
624
633
634
629
628
618
626
629
655
633
657
653
629
623
656
632
625
639
612
636
648
657
629
635
619
620
623
643
648
631
613
634
642
624
642
637
645
628
629
645
650
626
611
641
651
646
625
639
629
646
647
634
656
620
637
631
643
660
646
665
676
646
RamSize=1000 start
293
417
449
533
514
543
573
562
595
602
624
625
615
615
622
639
622
639
624
624
625
639
633
663
632
622
617
623
635
627
650
653
654
627
628
656
636
642
608
642
637
622
631
649
623
652
650
635
648
641
641
607
625
635
650
659
628
617
673
669
628
635
639
642
621
633
601
628
647
618
620
636
646
649
641
631
651
643
616
661
612
630
647
604
670
645
620
668
670
625
655
648
633
643
650
657
653
629
619
633
636
644
651
637
613
626
620
651
652
649
634
639
668
656
642
626
649
642
643
660
623
657
636
624
636
653
659
647
629
624
650
645
630
639
672
632
639
627
638
645
642
643
642
651
638
626
620
643
609
622
619
644
659
642
656
672
651
646
658
630
622
637
635
645
642
642
637
615
640
657
660
650
625
639
626
633
640
641
627
674
646
623
654
641
620
645
654
651
626
615
657
647
627
642
609
637
644
666
640
642
642
618
656
655
630
619
629
621
648
669
640
646
644
634
640
607
620
643
622
626
645
622
621
636
646
639
636
642
631
633
650
652
628
657
631
630
637
630
629
645
642
632
650
648
655
664
642
623
631
627
627
641
650
617
634
640
639
637
620
649
639
648
646
613
642
636
621
632
623
646
640
624
645
624
649
645
641
631
649
636
632
651
635
615
637
632
635
633
651
645
645
654
583
641
622
642
640
622
638
644
648
639
635
643
637
611
627
640
631
619
642
647
637
656
647
641
630
616
651
651
636
643
652
625
654
638
622
674
648
603
641
640
624
629
625
635
619
655
611
640
658
636
663
652
668
643
634
646
650
636
634
663
621
632
654
631
644
638
624
629
651
644
652
625
621
656
652
630
621
648
655
639
631
634
622
623
625
630
605
617
633
630
645
661
624
618
634
652
649
612
652
624
624
630
619
640
639
633
642
657
644
660
644
637
638
635
593
636
648
668
647
652
625
635
656
653
652
637
633
639
656
616
622
599
619
632
641
624
638
631
623
633
648
621
632
628
628
663
624
646
642
643
662
666
657
630
647
618
638
644
655
656
657
638
642
620
653
633
637
611
631
634
635
638
636
652
605
637
638
638
624
636
644
623
655
661
646
658
640
644
632
634
631
626
626
626
635
614
633
640
619
629
603
634
649
633
643
638
634
619
------------------
622
618
639
611
640
624
655
645
648
633
633
667
673
646
645
649
663
643
649
650
631
654
651
654
635
640
635
647
636
632
653
626
621
649
635
638
595
642
640
650
610
594
673
637
635
651
635
622
611
643
644
619
620
664
643
646
644
647
649
640
615
627
606
636
631
627
642
609
640
651
657
641
615
637
641
633
645
655
611
677
629
631
639
651
640
622
617
650
670
682
670
650
632
662
632
668
640
631
617
641
626
639
634
627
620
612
658
614
637
626
630
648
628
625
647
636
652
640
618
617
643
647
646
619
653
642
629
636
647
618
635
625
647
634
662
652
638
624
630
618
636
667
637
613
628
649
642
616
623
621
660
634
661
615
657
666
653
640
630
649
624
632
655
654
638
627
617
655
613
644
634
646
619
652
638
639
634
644
680
649
639
630
623
648
642
646
644
673
632
626
613
612
635
628
674
628
626
640
629
641
641
635
623
603
630
650
627
617
659
652
627
634
621
642
617
650
642
643
628
600
639
614
628
646
649
637
630
663
627
625
666
636
647
653
638
617
635
647
650
641
631
630
653
655
622
665
690
625
618
628
619
647
631
652
630
624
604
659
610
648
628
614
614
631
649
632
664
646
617
643
632
622
620
629
639
628
657
610
622
644
631
660
642
622
638
636
621
647
644
642
643
660
640
621
642
643
622
649
685
643
618
629
621
663
639
622
631
617
667
644
649
616
620
630
636
643
674
644
646
621
627
633
635
622
659
626
656
656
675
636
642
651
626
652
624
648
669
627
628
640
656
619
639
636
625
635
668
646
667
646
652
632
621
665
645
658
629
633
633
642
617
631
623
620
619
634
637
661
630
625
615
627
601
646
637
617
651
670
642
642
645
645
632
651
623
646
652
634
614
630
642
629
655
650
633
634
669
628
663
614
642
677
632
629
601
616
636
637
633
651
630
607
672
640
646
634
627
651
615
612
631
650
628
638
651
643
635
635
638
606
648
655
633
612
651
649
617
618
624
633
634
629
628
618
626
629
655
633
657
653
629
623
656
632
625
639
612
636
648
657
629
635
619
620
623
643
648
631
613
634
642
624
642
637
645
628
629
645
650
626
611
641
651
646
625
639
629
646
647
634
656
620
637
631
643
660
646
665
676
646
RamSize=1000 start
774
910
789
822
794
785
818
855
913
907
852
888
881
792
895
827
754
750
863
901
846
821
876
924
843
841
889
905
839
898
875
922
828
855
926
879
882
869
875
824
973
917
855
922
897
902
887
884
922
921
870
859
912
951
889
887
841
887
896
845
916
806
862
933
884
876
929
835
889
877
880
871
846
907
899
916
861
884
885
946
882
918
913
877
878
858
850
887
898
956
923
872
874
901
918
839
934
935
931
930
878
950
930
882
896
854
892
880
844
841
899
947
899
901
897
904
889
932
927
863
944
883
931
929
889
882
872
909
947
850
876
873
955
955
926
852
914
939
969
934
896
879
876
964
899
956
878
861
879
886
892
935
873
904
861
883
871
841
876
944
922
886
924
864
885
886
854
927
881
888
911
937
885
844
929
926
955
898
886
849
888
955
878
931
869
930
874
925
908
911
881
910
824
870
933
938
871
833
868
944
840
876
885
886
939
922
896
907
887
903
865
857
886
937
914
873
891
921
846
844
834
930
872
889
848
882
909
873
878
936
870
871
835
925
943
847
918
846
848
885
914
880
925
880
955
829
850
884
847
859
878
848
941
926
873
930
843
870
834
863
882
882
897
882
904
898
907
851
866
909
826
888
882
919
959
913
837
875
873
858
860
930
909
919
855
883
882
873
856
838
819
866
928
861
845
897
860
888
882
877
943
919
882
878
853
885
836
925
924
872
857
925
833
877
874
871
883
877
870
923
883
888
879
882
874
864
925
893
900
891
841
882
905
893
876
880
876
926
935
942
927
868
895
903
896
894
848
975
932
955
956
917
872
883
891
871
840
925
939
975
877
834
877
887
930
879
845
873
872
860
841
930
857
926
873
902
933
916
950
910
888
902
883
867
904
865
891
930
879
942
927
838
861
870
885
846
904
945
926
894
924
875
898
898
895
889
911
915
936
930
882
874
914
925
872
831
946
928
912
879
923
884
881
901
859
872
899
955
861
936
897
892
931
922
910
842
856
868
930
831
881
886
855
844
848
842
946
923
877
860
835
940
881
921
887
909
872
906
926
888
887
935
892
875
857
850
888
883
892
922
878
885
920
870
885
871
872
884
888
887
887
931
933
887
870
877
884
840
939
885
929
848
901
856
832
862
911
866
956
934
------------------
890
881
854
877
833
845
937
919
867
832
870
905
931
922
880
909
906
889
908
882
860
873
864
882
834
868
874
834
862
937
897
906
876
865
928
926
857
851
954
923
947
868
868
883
931
851
883
883
858
844
901
882
881
881
862
887
882
878
940
869
839
925
877
839
863
967
945
941
883
930
896
883
864
843
849
862
922
925
897
827
860
877
932
844
895
919
895
924
894
928
880
900
882
919
905
873
877
894
928
864
927
939
910
893
896
921
836
866
891
921
876
845
893
937
891
918
868
888
846
876
892
891
905
893
931
903
871
936
827
878
878
914
837
889
858
940
923
936
890
859
881
860
864
854
896
847
858
874
957
875
880
853
927
932
836
870
864
889
891
863
862
835
878
884
882
904
881
870
881
916
879
867
855
890
869
911
876
891
891
909
886
868
886
867
872
873
890
885
873
848
880
882
910
914
880
923
890
875
869
918
931
927
879
856
863
866
915
865
912
924
876
854
865
894
917
888
883
895
846
931
935
913
896
961
893
912
876
881
864
949
916
924
894
907
970
884
886
886
903
942
888
894
883
884
888
884
925
919
956
892
860
869
856
924
900
893
835
890
895
975
891
892
936
879
884
877
850
838
832
864
923
959
924
875
890
923
881
850
907
886
870
830
944
893
911
846
914
895
924
948
918
945
926
833
896
878
860
851
897
897
880
916
886
883
952
861
813
874
873
823
875
871
897
881
837
829
924
910
872
876
842
877
880
844
878
885
923
876
896
858
874
885
931
860
837
946
907
947
920
897
855
882
846
877
877
870
870
906
914
908
902
888
879
879
823
937
850
880
881
890
884
892
882
897
927
949
852
917
884
935
886
880
931
886
930
842
888
932
892
883
901
821
873
836
902
858
882
885
873
890
836
817
864
892
894
880
916
935
924
841
853
850
920
928
938
924
841
929
923
885
875
899
912
872
857
923
889
882
929
932
818
908
935
874
870
852
884
890
888
851
886
930
894
931
834
914
880
910
896
935
942
876
861
870
886
883
866
880
954
898
878
926
870
881
880
939
925
930
876
893
931
896
886
864
853
827
873
932
934
926
910
915
892
849
886
897
961
915
864
884
885
907
898
917
887
932
944
867
870
954
928
922
864
861
890
929
942
838
851
895
RamSize=1000 start
293
417
449
533
514
543
573
562
595
602
624
625
615
615
622
639
622
639
624
624
625
639
633
663
632
622
617
623
635
627
650
653
654
627
628
656
636
642
608
642
637
622
631
649
623
652
650
635
648
641
641
607
625
635
650
659
628
617
673
669
628
635
639
642
621
633
601
628
647
618
620
636
646
649
641
631
651
643
616
661
612
630
647
604
670
645
620
668
670
625
655
648
633
643
650
657
653
629
619
633
636
644
651
637
613
626
620
651
652
649
634
639
668
656
642
626
649
642
643
660
623
657
636
624
636
653
659
647
629
624
650
645
630
639
672
632
639
627
638
645
642
643
642
651
638
626
620
643
609
622
619
644
659
642
656
672
651
646
658
630
622
637
635
645
642
642
637
615
640
657
660
650
625
639
626
633
640
641
627
674
646
623
654
641
620
645
654
651
626
615
657
647
627
642
609
637
644
666
640
642
642
618
656
655
630
619
629
621
648
669
640
646
644
634
640
607
620
643
622
626
645
622
621
636
646
639
636
642
631
633
650
652
628
657
631
630
637
630
629
645
642
632
650
648
655
664
642
623
631
627
627
641
650
617
634
640
639
637
620
649
639
648
646
613
642
636
621
632
623
646
640
624
645
624
649
645
641
631
649
636
632
651
635
615
637
632
635
633
RamSize=1000 start
774
910
789
822
794
785
818
855
913
907
852
888
881
792
895
827
754
750
863
901
846
821
876
924
843
841
889
905
839
898
875
922
828
855
926
879
882
869
875
824
973
917
855
922
897
902
887
884
922
921
870
859
912
951
889
887
841
887
896
845
916
806
862
933
884
876
929
835
889
877
880
871
846
907
899
916
861
884
885
946
882
918
913
877
878
858
850
887
898
956
923
872
874
RamSize=1000 start
387
522
578
614
633
637
691
711
683
706
697
722
723
729
731
735
740
748
697
734
728
732
746
717
727
710
739
757
717
716
729
758
737
754
723
760
709
725
769
731
728
738
740
753
756
714
760
757
730
757
719
754
742
743
760
756
739
748
769
745
746
723
717
731
760
726
712
767
732
716
750
741
739
744
737
750
744
741
764
761
756
754
738
723
738
754
762
749
744
741
753
723
741
738
710
747
747
695
751
763
746
734
745
725
765
741
724
757
744
737
748
731
733
751
720
740
754
738
731
744
726
729
738
751
707
729
714
738
743
742
734
738
746
748
738
736
733
747
747
762
722
750
736
735
725
749
725
753
754
736
715
728
775
726
735
721
740
740
746
762
752
746
759
719
748
758
740
742
751
766
735
742
746
736
726
725
760
748
716
765
735
740
732
746
717
737
749
725
705
729
735
725
733
765
752
751
717
748
736
737
743
727
756
762
770
751
764
725
737
746
759
744
735
752
733
741
753
735
724
744
748
727
742
746
728
740
743
732
728
740
722
751
748
744
740
738
718
735
744
717
737
716
736
756
732
737
750
740
779
748
746
748
738
751
763
747
725
734
734
742
726
727
724
751
711
727
732
743
743
716
717
721
734
744
744
753
729
724
742
701
736
725
756
715
720
747
740
722
734
719
739
744
768
764
747
741
744
741
740
742
726
728
729
746
739
734
736
721
721
702
731
749
731
765
753
732
771
738
757
732
760
741
752
718
747
729
710
743
769
728
732
722
727
740
738
707
732
734
772
761
760
740
739
731
737
746
731
721
750
716
732
737
748
740
731
775
765
733
724
739
770
731
739
762
730
736
741
740
734
750
743
766
737
735
739
728
725
715
731
757
721
731
742
749
721
769
763
731
745
752
721
746
735
722
725
749
761
705
736
768
740
705
745
723
732
755
738
730
751
712
745
734
739
744
734
754
768
721
713
735
736
726
741
752
743
745
737
748
723
737
738
758
751
759
752
741
701
735
729
743
742
717
756
737
726
737
732
751
732
724
739
744
708
740
768
743
741
746
742
743
731
759
728
720
721
743
723
728
733
736
705
720
723
743
737
721
745
747
734
742
768
710
763
713
719
748
753
760
727
733
740
720
731
737
744
711
754
749
718
725
------------------
729
729
741
727
746
723
722
751
739
738
738
732
746
710
762
783
768
719
727
726
747
726
736
734
703
735
737
732
721
724
751
736
740
731
740
735
727
720
749
729
763
708
722
731
742
740
741
729
747
786
754
741
756
757
741
739
737
745
753
721
711
716
731
739
748
735
731
734
750
743
726
764
738
741
728
752
732
769
751
772
730
756
735
726
749
753
731
726
748
764
725
761
740
765
733
737
734
712
707
735
753
752
727
740
746
744
704
745
741
743
727
742
728
761
751
748
728
738
749
753
751
718
738
734
742
713
744
746
753
740
716
741
746
749
743
746
738
737
724
767
724
731
735
728
744
729
727
726
727
759
705
730
740
740
764
732
710
751
718
724
738
747
740
739
737
701
740
726
754
751
718
756
738
720
762
721
737
718
730
741
736
732
755
743
759
713
746
733
751
733
744
756
732
746
760
755
722
732
738
750
738
735
711
744
730
747
721
742
738
737
743
750
752
795
723
740
751
746
739
737
752
771
740
780
753
751
734
750
733
735
729
736
729
728
748
761
729
740
741
722
749
737
741
736
758
729
734
717
741
714
734
732
725
748
744
767
728
732
730
756
737
718
736
733
760
721
736
737
740
763
733
743
734
739
753
755
758
762
756
728
733
726
720
739
719
722
758
743
734
741
764
747
728
717
726
743
728
720
745
721
736
725
768
769
738
767
727
726
732
741
743
738
753
764
747
714
751
729
738
730
764
738
740
732
759
730
749
728
743
725
720
742
734
736
759
725
744
740
723
722
744
743
750
736
735
744
747
718
738
751
723
742
741
738
759
726
760
715
730
736
730
732
743
753
752
747
744
741
741
730
742
742
724
748
747
740
735
757
741
741
748
732
724
737
749
762
745
757
747
737
763
739
733
739
753
737
765
728
745
726
734
749
737
750
734
738
730
737
748
739
737
707
731
745
744
766
730
757
725
720
716
751
745
723
742
750
743
737
718
755
733
744
759
735
744
737
728
742
719
742
748
726
732
735
770
731
758
732
739
748
754
698
739
754
735
765
747
747
757
758
734
741
712
718
762
730
750
754
717
758
752
727
722
739
734
746
734
732
749
712
735
743
744
749
748
734
740
725
733
725
739
748
724
725
729
737
747
733
720
