EACLOCK
9224.27
92.15
91.7
93.325
92.05
92.6
91.9
92.275
92.875
92.075
90.625
91.7
92.9
92.75
93.125
92.425
91.375
90.075
91.4
91.725
89.775
91.375
90.85
92.225
90.775
94.325
91.675
91.25
91.95
92.725
92.275
90.6
90.325
92.3
92.35
92.875
91.875
91.025
91.175
90.35
91.95
91.775
94.425
91.975
90.45
91.075
90.025
92.1
91.55
91.375
91.5
92.975
90.8
91.4
92.15
90.75
91.9
92.825
90
92
92.025
90.525
91.725
92.9
91.575
90.875
89.5
90.575
90.5
92.2
92.125
90.875
91.925
89.9
92.05
92
EACLOCK-FDW
9224.27
92.15
91.7
93.325
92.05
92.6
91.9
92.275
92.875
92.075
90.625
91.7
92.9
92.75
93.125
92.425
91.375
90.075
91.4
91.725
89.775
91.375
90.85
92.225
90.775
94.325
91.675
91.25
91.95
92.725
92.275
90.6
90.325
92.3
92.35
92.875
91.875
91.025
91.175
90.35
91.95
91.775
94.425
91.975
90.45
91.075
90.025
92.1
91.55
91.375
91.5
92.975
90.8
91.4
92.15
90.75
91.9
92.825
90
92
92.025
90.525
91.725
92.9
91.575
90.875
89.5
90.575
90.5
92.2
92.125
90.875
91.925
89.9
92.05
92
EACLOCK-FWA
9212.85
92.125
91.65
93.15
91.85
92.65
92.075
92.25
92.675
92
90.675
90.8
92.45
92.15
92.625
92.425
91.55
90.075
91.575
91.375
89.85
91.675
90.7
91.75
90.65
94.3
91.5
90.875
91.575
92.775
92.3
90.375
90.05
92.175
91.775
92.75
91.625
91.1
90.975
90.425
91.925
91.375
94.3
91.95
89.925
90.825
89.95
92.225
91.5
91.4
91.225
92.375
90.625
90.975
92.325
90.3
91.175
92.525
90.1
91.15
92.05
90.125
90.7
91.675
91.2
90.65
89.5
90.675
90.15
91.275
91.65
90.675
90.9
89.375
92.1
91.45
2Q
9221.33
93.125
92.3
93.325
92.55
93.475
92.65
92.075
94.425
92.525
90.175
91.1
92.3
94.025
92.7
92.125
92.375
91.925
92.825
91.65
90.825
92.7
91.05
92.4
91.4
93.3
92.85
91.975
95.775
93.075
92.875
90.975
91.25
93.55
92.925
93.3
91.95
91.075
91.675
92
92.95
91.225
95.425
92.8
90.9
91.25
91.275
92.825
91.9
92.45
91.775
95.475
91.725
91.65
93.15
91.025
92.825
93.85
90.675
93.3
94.1
90.675
92.675
93.1
92.225
91.675
89.625
92.475
91.075
92.75
95.175
91.425
92.125
90.675
92.625
91.725
S3-FIFO
9210.8
92.3
92.275
93.7
92.9
93.275
92.65
93.95
94.4
93.375
90.85
91.5
92.125
93.975
93.275
92.25
92.375
92.1
93.4
91.975
90.975
92.975
91.675
92.675
91.025
93.525
93.075
92.275
95.825
93.025
92.675
91.575
90.875
93.95
92.75
94.15
91.775
91.325
90.75
90.675
93.85
92.525
95.425
92.825
93.6
91.85
90.975
92.975
92.175
92
92.25
95.875
91.875
91.675
93.125
92.025
93.05
93.25
90.725
92.875
93.8
92.125
92.75
93.275
92.125
92.3
90.175
92.3
91.675
91.95
95.55
92.05
92.6
90.5
92.95
91.8
LIRS:2000
9294.88
93.95
92.425
94.05
93.35
93.4
92.825
93
93.6
93.775
91.65
92.75
94.575
94.425
94.05
93.65
92.375
92.25
91.65
92.75
90.7
92.85
92.4
93.725
91.6
95.55
93.45
93.7
95.075
93.125
92.625
92.825
92.35
94.3
93.875
93.9
92.875
92.125
93.925
92.3
94.875
93.375
95.6
93.35
94.525
92.975
92.55
92.65
91.9
91.775
93.025
95.225
92.025
92.875
93.075
92.15
93.7
94.875
90.875
94.8
93.475
91.9
94.825
95.25
93.4
93.15
91.775
92.375
91.35
95.475
96.175
91.875
93.8
90.95
92.55
92.825
Clock Sweep
Clock Sweep
9185.83
91.4
91.675
92.525
91.6
92.625
91.575
93.375
93.65
92.65
90.2
89.425
92.1
93.525
92.7
92.825
91.375
91.275
92.925
92.025
90.3
92.4
90.825
92.025
90.075
93.925
91.875
91.55
96.25
92.95
92.175
91.25
90.575
94.075
91.9
93.475
91.225
90.925
90.625
90.875
92.95
91.275
95.225
92
90
90.85
89.95
92.3
91.375
91.525
91.45
95.95
91.1
91.475
92.225
90.25
92.675
93.2
89.975
92.05
93.725
90.45
90.75
92.225
91.225
90.475
89.05
92.575
90.625
91.475
95.075
91.4
92.575
90.3
92.225
91.675
ARC:2000
9270.1
92.2
92.3
94.25
92.775
93.325
92.7
92.975
93.175
93.4
91.475
92.475
94.075
94.225
94.05
93.225
91.9
91.025
91.65
92.9
90.9
93.05
91.325
93.625
91.175
95.475
93.275
92.25
95.125
93.025
92.625
92.5
91.975
93.825
92.975
93.5
92.775
91.825
93.025
92.25
94.625
93.275
95.425
92.85
93.325
92.525
92.6
92.475
91.675
91.725
93.05
95.125
91.925
92.6
92.85
92.1
93.6
95
90.775
94.725
93.125
91.625
92.7
94.7
93.15
93.225
91.5
92.3
91.475
95.05
95.975
92.075
93.55
90.85
92.45
92.5
S3-FIFO
9210.8
92.3
92.275
93.7
92.9
93.275
92.65
93.95
94.4
93.375
90.85
91.5
92.125
93.975
93.275
92.25
92.375
92.1
93.4
91.975
90.975
92.975
91.675
92.675
91.025
93.525
93.075
92.275
95.825
93.025
92.675
91.575
90.875
93.95
92.75
94.15
91.775
91.325
90.75
90.675
93.85
92.525
95.425
92.825
93.6
91.85
90.975
92.975
92.175
92
92.25
95.875
91.875
91.675
93.125
92.025
93.05
93.25
90.725
92.875
93.8
92.125
92.75
93.275
92.125
92.3
90.175
92.3
91.675
91.95
95.55
92.05
92.6
90.5
92.95
91.8
S3-FIFO
9210.8
92.3
92.275
93.7
92.9
93.275
92.65
93.95
94.4
93.375
90.85
91.5
92.125
93.975
93.275
92.25
92.375
92.1
93.4
91.975
90.975
92.975
91.675
92.675
91.025
93.525
93.075
92.275
95.825
93.025
92.675
91.575
90.875
93.95
92.75
94.15
91.775
91.325
90.75
90.675
93.85
92.525
95.425
92.825
93.6
91.85
90.975
92.975
92.175
92
92.25
95.875
91.875
91.675
93.125
92.025
93.05
93.25
90.725
92.875
93.8
92.125
92.75
93.275
92.125
92.3
90.175
92.3
91.675
91.95
95.55
92.05
92.6
90.5
92.95
91.8
EACLOCK
9224.27
92.15
91.7
93.325
92.05
92.6
91.9
92.275
92.875
92.075
90.625
91.7
92.9
92.75
93.125
92.425
91.375
90.075
91.4
91.725
89.775
91.375
90.85
92.225
90.775
94.325
91.675
91.25
91.95
92.725
92.275
90.6
90.325
92.3
92.35
92.875
91.875
91.025
91.175
90.35
91.95
91.775
94.425
91.975
90.45
91.075
90.025
92.1
91.55
91.375
91.5
92.975
90.8
91.4
92.15
90.75
91.9
92.825
90
92
92.025
90.525
91.725
92.9
91.575
90.875
89.5
90.575
90.5
92.2
92.125
90.875
91.925
89.9
92.05
92
EACLOCK-FDW
9224.27
92.15
91.7
93.325
92.05
92.6
91.9
92.275
92.875
92.075
90.625
91.7
92.9
92.75
93.125
92.425
91.375
90.075
91.4
91.725
89.775
91.375
90.85
92.225
90.775
94.325
91.675
91.25
91.95
92.725
92.275
90.6
90.325
92.3
92.35
92.875
91.875
91.025
91.175
90.35
91.95
91.775
94.425
91.975
90.45
91.075
90.025
92.1
91.55
91.375
91.5
92.975
90.8
91.4
92.15
90.75
91.9
92.825
90
92
92.025
90.525
91.725
92.9
91.575
90.875
89.5
90.575
90.5
92.2
92.125
90.875
91.925
89.9
92.05
92
EACLOCK-FWA
9212.85
92.125
91.65
93.15
91.85
92.65
92.075
92.25
92.675
92
90.675
90.8
92.45
92.15
92.625
92.425
91.55
90.075
91.575
91.375
89.85
91.675
90.7
91.75
90.65
94.3
91.5
90.875
91.575
92.775
92.3
90.375
90.05
92.175
91.775
92.75
91.625
91.1
90.975
90.425
91.925
91.375
94.3
91.95
89.925
90.825
89.95
92.225
91.5
91.4
91.225
92.375
90.625
90.975
92.325
90.3
91.175
92.525
90.1
91.15
92.05
90.125
90.7
91.675
91.2
90.65
89.5
90.675
90.15
91.275
91.65
90.675
90.9
89.375
92.1
91.45
2Q
9221.33
93.125
92.3
93.325
92.55
93.475
92.65
92.075
94.425
92.525
90.175
91.1
92.3
94.025
92.7
92.125
92.375
91.925
92.825
91.65
90.825
92.7
91.05
92.4
91.4
93.3
92.85
91.975
95.775
93.075
92.875
90.975
91.25
93.55
92.925
93.3
91.95
91.075
91.675
92
92.95
91.225
95.425
92.8
90.9
91.25
91.275
92.825
91.9
92.45
91.775
95.475
91.725
91.65
93.15
91.025
92.825
93.85
90.675
93.3
94.1
90.675
92.675
93.1
92.225
91.675
89.625
92.475
91.075
92.75
95.175
91.425
92.125
90.675
92.625
91.725
S3-FIFO
9210.8
92.3
92.275
93.7
92.9
93.275
92.65
93.95
94.4
93.375
90.85
91.5
92.125
93.975
93.275
92.25
92.375
92.1
93.4
91.975
90.975
92.975
91.675
92.675
91.025
93.525
93.075
92.275
95.825
93.025
92.675
91.575
90.875
93.95
92.75
94.15
91.775
91.325
90.75
90.675
93.85
92.525
95.425
92.825
93.6
91.85
90.975
92.975
92.175
92
92.25
95.875
91.875
91.675
93.125
92.025
93.05
93.25
90.725
92.875
93.8
92.125
92.75
93.275
92.125
92.3
90.175
92.3
91.675
91.95
95.55
92.05
92.6
90.5
92.95
91.8
LIRS:2000
9294.88
93.95
92.425
94.05
93.35
93.4
92.825
93
93.6
93.775
91.65
92.75
94.575
94.425
94.05
93.65
92.375
92.25
91.65
92.75
90.7
92.85
92.4
93.725
91.6
95.55
93.45
93.7
95.075
93.125
92.625
92.825
92.35
94.3
93.875
93.9
92.875
92.125
93.925
92.3
94.875
93.375
95.6
93.35
94.525
92.975
92.55
92.65
91.9
91.775
93.025
95.225
92.025
92.875
93.075
92.15
93.7
94.875
90.875
94.8
93.475
91.9
94.825
95.25
93.4
93.15
91.775
92.375
91.35
95.475
96.175
91.875
93.8
90.95
92.55
92.825
S3-FIFO
9210.8
92.3
92.275
93.7
92.9
93.275
92.65
93.95
94.4
93.375
90.85
91.5
92.125
93.975
93.275
92.25
92.375
92.1
93.4
91.975
90.975
92.975
91.675
92.675
91.025
93.525
93.075
92.275
95.825
93.025
92.675
91.575
90.875
93.95
92.75
94.15
91.775
91.325
90.75
90.675
93.85
92.525
95.425
92.825
93.6
91.85
90.975
92.975
92.175
92
92.25
95.875
91.875
91.675
93.125
92.025
93.05
93.25
90.725
92.875
93.8
92.125
92.75
93.275
92.125
92.3
90.175
92.3
91.675
91.95
95.55
92.05
92.6
90.5
92.95
91.8
Clock Sweep
9185.83
91.4
91.675
92.525
91.6
92.625
91.575
93.375
93.65
92.65
90.2
89.425
92.1
93.525
92.7
92.825
91.375
91.275
92.925
92.025
90.3
92.4
90.825
92.025
90.075
93.925
91.875
91.55
96.25
92.95
92.175
91.25
90.575
94.075
91.9
93.475
91.225
90.925
90.625
90.875
92.95
91.275
95.225
92
90
90.85
89.95
92.3
91.375
91.525
91.45
95.95
91.1
91.475
92.225
90.25
92.675
93.2
89.975
92.05
93.725
90.45
90.75
92.225
91.225
90.475
89.05
92.575
90.625
91.475
95.075
91.4
92.575
90.3
92.225
91.675
ARC:2000
