EACLOCK
9224.27
92.15
91.7
93.325
92.05
92.6
91.9
92.275
92.875
92.075
90.625
91.7
92.9
92.75
93.125
92.425
91.375
90.075
91.4
91.725
89.775
91.375
90.85
92.225
90.775
94.325
91.675
91.25
91.95
92.725
92.275
90.6
90.325
92.3
92.35
92.875
91.875
91.025
91.175
90.35
91.95
91.775
94.425
91.975
90.45
91.075
90.025
92.1
91.55
91.375
91.5
92.975
90.8
91.4
92.15
90.75
91.9
92.825
90
92
92.025
90.525
91.725
92.9
91.575
90.875
89.5
90.575
90.5
92.2
92.125
90.875
91.925
89.9
92.05
92
EACLOCK-FDW
9224.27
92.15
91.7
93.325
92.05
92.6
91.9
92.275
92.875
92.075
90.625
91.7
92.9
92.75
93.125
92.425
91.375
90.075
91.4
91.725
89.775
91.375
90.85
92.225
90.775
94.325
91.675
91.25
91.95
92.725
92.275
90.6
90.325
92.3
92.35
92.875
91.875
91.025
91.175
90.35
91.95
91.775
94.425
91.975
90.45
91.075
90.025
92.1
91.55
91.375
91.5
92.975
90.8
91.4
92.15
90.75
91.9
92.825
90
92
92.025
90.525
91.725
92.9
91.575
90.875
89.5
90.575
90.5
92.2
92.125
90.875
91.925
89.9
92.05
92
EACLOCK-FWA
9212.85
92.125
91.65
93.15
91.85
92.65
92.075
92.25
92.675
92
90.675
90.8
92.45
92.15
92.625
92.425
91.55
90.075
91.575
91.375
89.85
91.675
90.7
91.75
90.65
94.3
91.5
90.875
91.575
92.775
92.3
90.375
90.05
92.175
91.775
92.75
91.625
91.1
90.975
90.425
91.925
91.375
94.3
91.95
89.925
90.825
89.95
92.225
91.5
91.4
91.225
92.375
90.625
90.975
92.325
90.3
91.175
92.525
90.1
91.15
92.05
90.125
90.7
91.675
91.2
90.65
89.5
90.675
90.15
91.275
91.65
90.675
90.9
89.375
92.1
91.45
2Q
9221.33
93.125
92.3
93.325
92.55
93.475
92.65
92.075
94.425
92.525
90.175
91.1
92.3
94.025
92.7
92.125
92.375
91.925
92.825
91.65
90.825
92.7
91.05
92.4
91.4
93.3
92.85
91.975
95.775
93.075
92.875
90.975
91.25
93.55
92.925
93.3
91.95
91.075
91.675
92
92.95
91.225
95.425
92.8
90.9
91.25
91.275
92.825
91.9
92.45
91.775
95.475
91.725
91.65
93.15
91.025
92.825
93.85
90.675
93.3
94.1
90.675
92.675
93.1
92.225
91.675
89.625
92.475
91.075
92.75
95.175
91.425
92.125
90.675
92.625
91.725
S3-FIFO
9210.8
92.3
92.275
93.7
92.9
93.275
92.65
93.95
94.4
93.375
90.85
91.5
92.125
93.975
93.275
92.25
92.375
92.1
93.4
91.975
90.975
92.975
91.675
92.675
91.025
93.525
93.075
92.275
95.825
93.025
92.675
91.575
90.875
93.95
92.75
94.15
91.775
91.325
90.75
90.675
93.85
92.525
95.425
92.825
93.6
91.85
90.975
92.975
92.175
92
92.25
95.875
91.875
91.675
93.125
92.025
93.05
93.25
90.725
92.875
93.8
92.125
92.75
93.275
92.125
92.3
90.175
92.3
91.675
91.95
95.55
92.05
92.6
90.5
92.95
91.8
LIRS:2000
9294.88
93.95
92.425
94.05
93.35
93.4
92.825
93
93.6
93.775
91.65
92.75
94.575
94.425
94.05
93.65
92.375
92.25
91.65
92.75
90.7
92.85
92.4
93.725
91.6
95.55
93.45
93.7
95.075
93.125
92.625
92.825
92.35
94.3
93.875
93.9
92.875
92.125
93.925
92.3
94.875
93.375
95.6
93.35
94.525
92.975
92.55
92.65
91.9
91.775
93.025
95.225
92.025
92.875
93.075
92.15
93.7
94.875
90.875
94.8
93.475
91.9
94.825
95.25
93.4
93.15
91.775
92.375
91.35
95.475
96.175
91.875
93.8
90.95
92.55
92.825
Clock Sweep
9185.83
91.4
91.675
92.525
91.6
92.625
91.575
93.375
93.65
92.65
90.2
89.425
92.1
93.525
92.7
92.825
91.375
91.275
92.925
92.025
90.3
92.4
90.825
92.025
90.075
93.925
91.875
91.55
96.25
92.95
92.175
91.25
90.575
94.075
91.9
93.475
91.225
90.925
90.625
90.875
92.95
91.275
95.225
92
90
90.85
89.95
92.3
91.375
91.525
91.45
95.95
91.1
91.475
92.225
90.25
92.675
93.2
89.975
92.05
93.725
90.45
90.75
92.225
91.225
90.475
89.05
92.575
90.625
91.475
95.075
91.4
92.575
90.3
92.225
91.675
ARC:2000
9270.1
92.2
92.3
94.25
92.775
93.325
92.7
92.975
93.175
93.4
91.475
92.475
94.075
94.225
94.05
93.225
91.9
91.025
91.65
92.9
90.9
93.05
91.325
93.625
91.175
95.475
93.275
92.25
95.125
93.025
92.625
92.5
91.975
93.825
92.975
93.5
92.775
91.825
93.025
92.25
94.625
93.275
95.425
92.85
93.325
92.525
92.6
92.475
91.675
91.725
93.05
95.125
91.925
92.6
92.85
92.1
93.6
95
90.775
94.725
93.125
91.625
92.7
94.7
93.15
93.225
91.5
92.3
91.475
95.05
95.975
92.075
93.55
90.85
92.45
92.5
S3-FIFO
9210.8
92.3
92.275
93.7
92.9
93.275
92.65
93.95
94.4
93.375
90.85
91.5
92.125
93.975
93.275
92.25
92.375
92.1
93.4
91.975
90.975
92.975
91.675
92.675
91.025
93.525
93.075
92.275
95.825
93.025
92.675
91.575
90.875
93.95
92.75
94.15
91.775
91.325
90.75
90.675
93.85
92.525
95.425
92.825
93.6
91.85
90.975
92.975
92.175
92
92.25
95.875
91.875
91.675
93.125
92.025
93.05
93.25
90.725
92.875
93.8
92.125
92.75
93.275
92.125
92.3
90.175
92.3
91.675
91.95
95.55
92.05
92.6
90.5
92.95
91.8
EACLOCK
9224.27
92.15
91.7
93.325
92.05
92.6
91.9
92.275
92.875
92.075
90.625
91.7
92.9
92.75
93.125
92.425
91.375
90.075
91.4
91.725
89.775
91.375
90.85
92.225
90.775
94.325
91.675
91.25
91.95
92.725
92.275
90.6
90.325
92.3
92.35
92.875
91.875
91.025
91.175
90.35
91.95
91.775
94.425
91.975
90.45
91.075
90.025
92.1
91.55
91.375
91.5
92.975
90.8
91.4
92.15
90.75
91.9
92.825
90
92
92.025
90.525
91.725
92.9
91.575
90.875
89.5
90.575
90.5
92.2
92.125
90.875
91.925
89.9
92.05
92
EACLOCK-FDW
9224.27
92.15
91.7
93.325
92.05
92.6
91.9
92.275
92.875
92.075
90.625
91.7
92.9
92.75
93.125
92.425
91.375
90.075
91.4
91.725
89.775
91.375
90.85
92.225
90.775
94.325
91.675
91.25
91.95
92.725
92.275
90.6
90.325
92.3
92.35
92.875
91.875
91.025
91.175
90.35
91.95
91.775
94.425
91.975
90.45
91.075
90.025
92.1
91.55
91.375
91.5
92.975
90.8
91.4
92.15
90.75
91.9
92.825
90
92
92.025
90.525
91.725
92.9
91.575
90.875
89.5
90.575
90.5
92.2
92.125
90.875
91.925
89.9
92.05
92
EACLOCK-FWA
9212.85
92.125
91.65
93.15
91.85
92.65
92.075
92.25
92.675
92
90.675
90.8
92.45
92.15
92.625
92.425
91.55
90.075
91.575
91.375
89.85
91.675
90.7
91.75
90.65
94.3
91.5
90.875
91.575
92.775
92.3
90.375
90.05
92.175
91.775
92.75
91.625
91.1
90.975
90.425
91.925
91.375
94.3
91.95
89.925
90.825
89.95
92.225
91.5
91.4
91.225
92.375
90.625
90.975
92.325
90.3
91.175
92.525
90.1
91.15
92.05
90.125
90.7
91.675
91.2
90.65
89.5
90.675
90.15
91.275
91.65
90.675
90.9
89.375
92.1
91.45
2Q
9221.33
93.125
92.3
93.325
92.55
93.475
92.65
92.075
94.425
92.525
90.175
91.1
92.3
94.025
92.7
92.125
92.375
91.925
92.825
91.65
90.825
92.7
91.05
92.4
91.4
93.3
92.85
91.975
95.775
93.075
92.875
90.975
91.25
93.55
92.925
93.3
91.95
91.075
91.675
92
92.95
91.225
95.425
92.8
90.9
91.25
91.275
92.825
91.9
92.45
91.775
95.475
91.725
91.65
93.15
91.025
92.825
93.85
90.675
93.3
94.1
90.675
92.675
93.1
92.225
91.675
89.625
92.475
91.075
92.75
95.175
91.425
92.125
90.675
92.625
91.725
S3-FIFO
9210.8
92.3
92.275
93.7
92.9
93.275
92.65
93.95
94.4
93.375
90.85
91.5
92.125
93.975
93.275
92.25
92.375
92.1
93.4
91.975
90.975
92.975
91.675
92.675
91.025
93.525
93.075
92.275
95.825
93.025
92.675
91.575
90.875
93.95
92.75
94.15
91.775
91.325
90.75
90.675
93.85
92.525
95.425
92.825
93.6
91.85
90.975
92.975
92.175
92
92.25
95.875
91.875
91.675
93.125
92.025
93.05
93.25
90.725
92.875
93.8
92.125
92.75
93.275
92.125
92.3
90.175
92.3
91.675
91.95
95.55
92.05
92.6
90.5
92.95
91.8
LIRS:2000
9294.88
93.95
92.425
94.05
93.35
93.4
92.825
93
93.6
93.775
91.65
92.75
94.575
94.425
94.05
93.65
92.375
92.25
91.65
92.75
90.7
92.85
92.4
93.725
91.6
95.55
93.45
93.7
95.075
93.125
92.625
92.825
92.35
94.3
93.875
93.9
92.875
92.125
93.925
92.3
94.875
93.375
95.6
93.35
94.525
92.975
92.55
92.65
91.9
91.775
93.025
95.225
92.025
92.875
93.075
92.15
93.7
94.875
90.875
94.8
93.475
91.9
94.825
95.25
93.4
93.15
91.775
92.375
91.35
95.475
96.175
91.875
93.8
90.95
92.55
92.825
Clock Sweep
9185.83
91.4
91.675
92.525
91.6
92.625
91.575
93.375
93.65
92.65
90.2
89.425
92.1
93.525
92.7
92.825
91.375
91.275
92.925
92.025
90.3
92.4
90.825
92.025
90.075
93.925
91.875
91.55
96.25
92.95
92.175
91.25
90.575
94.075
91.9
93.475
91.225
90.925
90.625
90.875
92.95
91.275
95.225
92
90
90.85
89.95
92.3
91.375
91.525
91.45
95.95
91.1
91.475
92.225
90.25
92.675
93.2
89.975
92.05
93.725
90.45
90.75
92.225
91.225
90.475
89.05
92.575
90.625
91.475
95.075
91.4
92.575
90.3
92.225
91.675
ARC:2000
9270.1
92.2
92.3
94.25
92.775
93.325
92.7
92.975
93.175
93.4
91.475
92.475
94.075
94.225
94.05
93.225
91.9
91.025
91.65
92.9
90.9
93.05
91.325
93.625
91.175
95.475
93.275
92.25
95.125
93.025
92.625
92.5
91.975
93.825
92.975
93.5
92.775
91.825
93.025
92.25
94.625
93.275
95.425
92.85
93.325
92.525
92.6
92.475
91.675
91.725
93.05
95.125
91.925
92.6
92.85
92.1
93.6
95
90.775
94.725
93.125
91.625
92.7
94.7
93.15
93.225
91.5
92.3
91.475
95.05
95.975
92.075
93.55
90.85
92.45
92.5
EACLOCK
9224.27
92.15
91.7
93.325
92.05
92.6
91.9
92.275
92.875
92.075
90.625
91.7
92.9
92.75
93.125
92.425
91.375
90.075
91.4
91.725
89.775
91.375
90.85
92.225
90.775
94.325
91.675
91.25
91.95
92.725
92.275
90.6
90.325
92.3
92.35
92.875
91.875
91.025
91.175
90.35
91.95
91.775
94.425
91.975
90.45
91.075
90.025
92.1
91.55
91.375
91.5
92.975
90.8
91.4
92.15
90.75
91.9
92.825
90
92
92.025
90.525
91.725
92.9
91.575
90.875
89.5
90.575
90.5
92.2
92.125
90.875
91.925
89.9
92.05
92
EACLOCK-FDW
9224.27
92.15
91.7
93.325
92.05
92.6
91.9
92.275
92.875
92.075
90.625
91.7
92.9
92.75
93.125
92.425
91.375
90.075
91.4
91.725
89.775
91.375
90.85
92.225
90.775
94.325
91.675
91.25
91.95
92.725
92.275
90.6
90.325
92.3
92.35
92.875
91.875
91.025
91.175
90.35
91.95
91.775
94.425
91.975
90.45
91.075
90.025
92.1
91.55
91.375
91.5
92.975
90.8
91.4
92.15
90.75
91.9
92.825
90
92
92.025
90.525
91.725
92.9
91.575
90.875
89.5
90.575
90.5
92.2
92.125
90.875
91.925
89.9
92.05
92
EACLOCK-FWA
9212.85
92.125
91.65
93.15
91.85
92.65
92.075
92.25
92.675
92
90.675
90.8
92.45
92.15
92.625
92.425
91.55
90.075
91.575
91.375
89.85
91.675
90.7
91.75
90.65
94.3
91.5
90.875
91.575
92.775
92.3
90.375
90.05
92.175
91.775
92.75
91.625
91.1
90.975
90.425
91.925
91.375
94.3
91.95
89.925
90.825
89.95
92.225
91.5
91.4
91.225
92.375
90.625
90.975
92.325
90.3
91.175
92.525
90.1
91.15
92.05
90.125
90.7
91.675
91.2
90.65
89.5
90.675
90.15
91.275
91.65
90.675
90.9
89.375
92.1
91.45
2Q
9221.33
93.125
92.3
93.325
92.55
93.475
92.65
92.075
94.425
92.525
90.175
91.1
92.3
94.025
92.7
92.125
92.375
91.925
92.825
91.65
90.825
92.7
91.05
92.4
91.4
93.3
92.85
91.975
95.775
93.075
92.875
90.975
91.25
93.55
92.925
93.3
91.95
91.075
91.675
92
92.95
91.225
95.425
92.8
90.9
91.25
91.275
92.825
91.9
92.45
91.775
95.475
91.725
91.65
93.15
91.025
92.825
93.85
90.675
93.3
94.1
90.675
92.675
93.1
92.225
91.675
89.625
92.475
91.075
92.75
95.175
91.425
92.125
90.675
92.625
91.725
S3-FIFO
9210.8
92.3
92.275
93.7
92.9
93.275
92.65
93.95
94.4
93.375
90.85
91.5
92.125
93.975
93.275
92.25
92.375
92.1
93.4
91.975
90.975
92.975
91.675
92.675
91.025
93.525
93.075
92.275
95.825
93.025
92.675
91.575
90.875
93.95
92.75
94.15
91.775
91.325
90.75
90.675
93.85
92.525
95.425
92.825
93.6
91.85
90.975
92.975
92.175
92
92.25
95.875
91.875
91.675
93.125
92.025
93.05
93.25
90.725
92.875
93.8
92.125
92.75
93.275
92.125
92.3
90.175
92.3
91.675
91.95
95.55
92.05
92.6
90.5
92.95
91.8
LIRS:2000
9294.88
93.95
92.425
94.05
93.35
93.4
92.825
93
93.6
93.775
91.65
92.75
94.575
94.425
94.05
93.65
92.375
92.25
91.65
92.75
90.7
92.85
92.4
93.725
91.6
95.55
93.45
93.7
95.075
93.125
92.625
92.825
92.35
94.3
93.875
93.9
92.875
92.125
93.925
92.3
94.875
93.375
95.6
93.35
94.525
92.975
92.55
92.65
91.9
91.775
93.025
95.225
92.025
92.875
93.075
92.15
93.7
94.875
90.875
94.8
93.475
91.9
94.825
95.25
93.4
93.15
91.775
92.375
91.35
95.475
96.175
91.875
93.8
90.95
92.55
92.825
Clock Sweep
9185.83
91.4
91.675
92.525
91.6
92.625
91.575
93.375
93.65
92.65
90.2
89.425
92.1
93.525
92.7
92.825
91.375
91.275
92.925
92.025
90.3
92.4
90.825
92.025
90.075
93.925
91.875
91.55
96.25
92.95
92.175
91.25
90.575
94.075
91.9
93.475
91.225
90.925
90.625
90.875
92.95
91.275
95.225
92
90
90.85
89.95
92.3
91.375
91.525
91.45
95.95
91.1
91.475
92.225
90.25
92.675
93.2
89.975
92.05
93.725
90.45
90.75
92.225
91.225
90.475
89.05
92.575
90.625
91.475
95.075
91.4
92.575
90.3
92.225
91.675
ARC:2000
9270.1
92.2
92.3
94.25
92.775
93.325
92.7
92.975
93.175
93.4
91.475
92.475
94.075
94.225
94.05
93.225
91.9
91.025
91.65
92.9
90.9
93.05
91.325
93.625
91.175
95.475
93.275
92.25
95.125
93.025
92.625
92.5
91.975
93.825
92.975
93.5
92.775
91.825
93.025
92.25
94.625
93.275
95.425
92.85
93.325
92.525
92.6
92.475
91.675
91.725
93.05
95.125
91.925
92.6
92.85
92.1
93.6
95
90.775
94.725
93.125
91.625
92.7
94.7
93.15
93.225
91.5
92.3
91.475
95.05
95.975
92.075
93.55
90.85
92.45
92.5
EACLOCK
9224.27
92.15
91.7
93.325
92.05
92.6
91.9
92.275
92.875
92.075
90.625
91.7
92.9
92.75
93.125
92.425
91.375
90.075
91.4
91.725
89.775
91.375
90.85
92.225
90.775
94.325
91.675
91.25
91.95
92.725
92.275
90.6
90.325
92.3
92.35
92.875
91.875
91.025
91.175
90.35
91.95
91.775
94.425
91.975
90.45
91.075
90.025
92.1
91.55
91.375
91.5
92.975
90.8
91.4
92.15
90.75
91.9
92.825
90
92
92.025
90.525
91.725
92.9
91.575
90.875
89.5
90.575
90.5
92.2
92.125
90.875
91.925
89.9
92.05
92
EACLOCK-FDW
9224.27
92.15
91.7
93.325
92.05
92.6
91.9
92.275
92.875
92.075
90.625
91.7
92.9
92.75
93.125
92.425
91.375
90.075
91.4
91.725
89.775
91.375
90.85
92.225
90.775
94.325
91.675
91.25
91.95
92.725
92.275
90.6
90.325
92.3
92.35
92.875
91.875
91.025
91.175
90.35
91.95
91.775
94.425
91.975
90.45
91.075
90.025
92.1
91.55
91.375
91.5
92.975
90.8
91.4
92.15
90.75
91.9
92.825
90
92
92.025
90.525
91.725
92.9
91.575
90.875
89.5
90.575
90.5
92.2
92.125
90.875
91.925
89.9
92.05
92
EACLOCK-FWA
9212.85
92.125
91.65
93.15
91.85
92.65
92.075
92.25
92.675
92
90.675
90.8
92.45
92.15
92.625
92.425
91.55
90.075
91.575
91.375
89.85
91.675
90.7
91.75
90.65
94.3
91.5
90.875
91.575
92.775
92.3
90.375
90.05
92.175
91.775
92.75
91.625
91.1
90.975
90.425
91.925
91.375
94.3
91.95
89.925
90.825
89.95
92.225
91.5
91.4
91.225
92.375
90.625
90.975
92.325
90.3
91.175
92.525
90.1
91.15
92.05
90.125
90.7
91.675
91.2
90.65
89.5
90.675
90.15
91.275
91.65
90.675
90.9
89.375
92.1
91.45
2Q
9221.33
93.125
92.3
93.325
92.55
93.475
92.65
92.075
94.425
92.525
90.175
91.1
92.3
94.025
92.7
92.125
92.375
91.925
92.825
91.65
90.825
92.7
91.05
92.4
91.4
93.3
92.85
91.975
95.775
93.075
92.875
90.975
91.25
93.55
92.925
93.3
91.95
91.075
91.675
92
92.95
91.225
95.425
92.8
90.9
91.25
91.275
92.825
91.9
92.45
91.775
95.475
91.725
91.65
93.15
91.025
92.825
93.85
90.675
93.3
94.1
90.675
92.675
93.1
92.225
91.675
89.625
92.475
91.075
92.75
95.175
91.425
92.125
90.675
92.625
91.725
S3-FIFO
9210.8
92.3
92.275
93.7
92.9
93.275
92.65
93.95
94.4
93.375
90.85
91.5
92.125
93.975
93.275
92.25
92.375
92.1
93.4
91.975
90.975
92.975
91.675
92.675
91.025
93.525
93.075
92.275
95.825
93.025
92.675
91.575
90.875
93.95
92.75
94.15
91.775
91.325
90.75
90.675
93.85
92.525
95.425
92.825
93.6
91.85
90.975
92.975
92.175
92
92.25
95.875
91.875
91.675
93.125
92.025
93.05
93.25
90.725
92.875
93.8
92.125
92.75
93.275
92.125
92.3
90.175
92.3
91.675
91.95
95.55
92.05
92.6
90.5
92.95
91.8
LIRS:2000
9294.88
93.95
92.425
94.05
93.35
93.4
92.825
93
93.6
93.775
91.65
92.75
94.575
94.425
94.05
93.65
92.375
92.25
91.65
92.75
90.7
92.85
92.4
93.725
91.6
95.55
93.45
93.7
95.075
93.125
92.625
92.825
92.35
94.3
93.875
93.9
92.875
92.125
93.925
92.3
94.875
93.375
95.6
93.35
94.525
92.975
92.55
92.65
91.9
91.775
93.025
95.225
92.025
92.875
93.075
92.15
93.7
94.875
90.875
94.8
93.475
91.9
94.825
95.25
93.4
93.15
91.775
92.375
91.35
95.475
96.175
91.875
93.8
90.95
92.55
92.825
Clock Sweep
9185.83
91.4
91.675
92.525
91.6
92.625
91.575
93.375
93.65
92.65
90.2
89.425
92.1
93.525
92.7
92.825
91.375
91.275
92.925
92.025
90.3
92.4
90.825
92.025
90.075
93.925
91.875
91.55
96.25
92.95
92.175
91.25
90.575
94.075
91.9
93.475
91.225
90.925
90.625
90.875
92.95
91.275
95.225
92
90
90.85
89.95
92.3
91.375
91.525
91.45
95.95
91.1
91.475
92.225
90.25
92.675
93.2
89.975
92.05
93.725
90.45
90.75
92.225
91.225
90.475
89.05
92.575
90.625
91.475
95.075
91.4
92.575
90.3
92.225
91.675
ARC:2000
9270.1
92.2
92.3
94.25
92.775
93.325
92.7
92.975
93.175
93.4
91.475
92.475
94.075
94.225
94.05
93.225
91.9
91.025
91.65
92.9
90.9
93.05
91.325
93.625
91.175
95.475
93.275
92.25
95.125
93.025
92.625
92.5
91.975
93.825
92.975
93.5
92.775
91.825
93.025
92.25
94.625
93.275
95.425
92.85
93.325
92.525
92.6
92.475
91.675
91.725
93.05
95.125
91.925
92.6
92.85
92.1
93.6
95
90.775
94.725
93.125
91.625
92.7
94.7
93.15
93.225
91.5
92.3
91.475
95.05
95.975
92.075
93.55
90.85
92.45
92.5
EACLOCK
9224.27
92.15
91.7
93.325
92.05
92.6
91.9
92.275
92.875
92.075
90.625
91.7
92.9
92.75
93.125
92.425
91.375
90.075
91.4
91.725
89.775
91.375
90.85
92.225
90.775
94.325
91.675
91.25
91.95
92.725
92.275
90.6
90.325
92.3
92.35
92.875
91.875
91.025
91.175
90.35
91.95
91.775
94.425
91.975
90.45
91.075
90.025
92.1
91.55
91.375
91.5
92.975
90.8
91.4
92.15
90.75
91.9
92.825
90
92
92.025
90.525
91.725
92.9
91.575
90.875
89.5
90.575
90.5
92.2
92.125
90.875
91.925
89.9
92.05
92
EACLOCK-FDW
9224.27
92.15
91.7
93.325
92.05
92.6
91.9
92.275
92.875
92.075
90.625
91.7
92.9
92.75
93.125
92.425
91.375
90.075
91.4
91.725
89.775
91.375
90.85
92.225
90.775
94.325
91.675
91.25
91.95
92.725
92.275
90.6
90.325
92.3
92.35
92.875
91.875
91.025
91.175
90.35
91.95
91.775
94.425
91.975
90.45
91.075
90.025
92.1
91.55
91.375
91.5
92.975
90.8
91.4
92.15
90.75
91.9
92.825
90
92
92.025
90.525
91.725
92.9
91.575
90.875
89.5
90.575
90.5
92.2
92.125
90.875
91.925
89.9
92.05
92
EACLOCK-FWA
9212.85
92.125
91.65
93.15
91.85
92.65
92.075
92.25
92.675
92
90.675
90.8
92.45
92.15
92.625
92.425
91.55
90.075
91.575
91.375
89.85
91.675
90.7
91.75
90.65
94.3
91.5
90.875
91.575
92.775
92.3
90.375
90.05
92.175
91.775
92.75
91.625
91.1
90.975
90.425
91.925
91.375
94.3
91.95
89.925
90.825
89.95
92.225
91.5
91.4
91.225
92.375
90.625
90.975
92.325
90.3
91.175
92.525
90.1
91.15
92.05
90.125
90.7
91.675
91.2
90.65
89.5
90.675
90.15
91.275
91.65
90.675
90.9
89.375
92.1
91.45
2Q
9221.33
93.125
92.3
93.325
92.55
93.475
92.65
92.075
94.425
92.525
90.175
91.1
92.3
94.025
92.7
92.125
92.375
91.925
92.825
91.65
90.825
92.7
91.05
92.4
91.4
93.3
92.85
91.975
95.775
93.075
92.875
90.975
91.25
93.55
92.925
93.3
91.95
91.075
91.675
92
92.95
91.225
95.425
92.8
90.9
91.25
91.275
92.825
91.9
92.45
91.775
95.475
91.725
91.65
93.15
91.025
92.825
93.85
90.675
93.3
94.1
90.675
92.675
93.1
92.225
91.675
89.625
92.475
91.075
92.75
95.175
91.425
92.125
90.675
92.625
91.725
S3-FIFO
9210.8
92.3
92.275
93.7
92.9
93.275
92.65
93.95
94.4
93.375
90.85
91.5
92.125
93.975
93.275
92.25
92.375
92.1
93.4
91.975
90.975
92.975
91.675
92.675
91.025
93.525
93.075
92.275
95.825
93.025
92.675
91.575
90.875
93.95
92.75
94.15
91.775
91.325
90.75
90.675
93.85
92.525
95.425
92.825
93.6
91.85
90.975
92.975
92.175
92
92.25
95.875
91.875
91.675
93.125
92.025
93.05
93.25
90.725
92.875
93.8
92.125
92.75
93.275
92.125
92.3
90.175
92.3
91.675
91.95
95.55
92.05
92.6
90.5
92.95
91.8
LIRS:2000
9294.88
93.95
92.425
94.05
93.35
93.4
92.825
93
93.6
93.775
91.65
92.75
94.575
94.425
94.05
93.65
92.375
92.25
91.65
92.75
90.7
92.85
92.4
93.725
91.6
95.55
93.45
93.7
95.075
93.125
92.625
92.825
92.35
94.3
93.875
93.9
92.875
92.125
93.925
92.3
94.875
93.375
95.6
93.35
94.525
92.975
92.55
92.65
91.9
91.775
93.025
95.225
92.025
92.875
93.075
92.15
93.7
94.875
90.875
94.8
93.475
91.9
94.825
95.25
93.4
93.15
91.775
92.375
91.35
95.475
96.175
91.875
93.8
90.95
92.55
92.825
Clock Sweep
9185.83
91.4
91.675
92.525
91.6
92.625
91.575
93.375
93.65
92.65
90.2
89.425
92.1
93.525
92.7
92.825
91.375
91.275
92.925
92.025
90.3
92.4
90.825
92.025
90.075
93.925
91.875
91.55
96.25
92.95
92.175
91.25
90.575
94.075
91.9
93.475
91.225
90.925
90.625
90.875
92.95
91.275
95.225
92
90
90.85
89.95
92.3
91.375
91.525
91.45
95.95
91.1
91.475
92.225
90.25
92.675
93.2
89.975
92.05
93.725
90.45
90.75
92.225
91.225
90.475
89.05
92.575
90.625
91.475
95.075
91.4
92.575
90.3
92.225
91.675
ARC:2000
9270.1
92.2
92.3
94.25
92.775
93.325
92.7
92.975
93.175
93.4
91.475
92.475
94.075
94.225
94.05
93.225
91.9
91.025
91.65
92.9
90.9
93.05
91.325
93.625
91.175
95.475
93.275
92.25
95.125
93.025
92.625
92.5
91.975
93.825
92.975
93.5
92.775
91.825
93.025
92.25
94.625
93.275
95.425
92.85
93.325
92.525
92.6
92.475
91.675
91.725
93.05
95.125
91.925
92.6
92.85
92.1
93.6
95
90.775
94.725
93.125
91.625
92.7
94.7
93.15
93.225
91.5
92.3
91.475
95.05
95.975
92.075
93.55
90.85
92.45
92.5
EACLOCK
9224.27
92.15
91.7
93.325
92.05
92.6
91.9
92.275
92.875
92.075
90.625
91.7
92.9
92.75
93.125
92.425
91.375
90.075
91.4
91.725
89.775
91.375
90.85
92.225
90.775
94.325
91.675
91.25
91.95
92.725
92.275
90.6
90.325
92.3
92.35
92.875
91.875
91.025
91.175
90.35
91.95
91.775
94.425
91.975
90.45
91.075
90.025
92.1
91.55
91.375
91.5
92.975
90.8
91.4
92.15
90.75
91.9
92.825
90
92
92.025
90.525
91.725
92.9
91.575
90.875
89.5
90.575
90.5
92.2
92.125
90.875
91.925
89.9
92.05
92
EACLOCK-FDW
9224.27
92.15
91.7
93.325
92.05
92.6
91.9
92.275
92.875
92.075
90.625
91.7
92.9
92.75
93.125
92.425
91.375
90.075
91.4
91.725
89.775
91.375
90.85
92.225
90.775
94.325
91.675
91.25
91.95
92.725
92.275
90.6
90.325
92.3
92.35
92.875
91.875
91.025
91.175
90.35
91.95
91.775
94.425
91.975
90.45
91.075
90.025
92.1
91.55
91.375
91.5
92.975
90.8
91.4
92.15
90.75
91.9
92.825
90
92
92.025
90.525
91.725
92.9
91.575
90.875
89.5
90.575
90.5
92.2
92.125
90.875
91.925
89.9
92.05
92
EACLOCK-FWA
9212.85
92.125
91.65
93.15
91.85
92.65
92.075
92.25
92.675
92
90.675
90.8
92.45
92.15
92.625
92.425
91.55
90.075
91.575
91.375
89.85
91.675
90.7
91.75
90.65
94.3
91.5
90.875
91.575
92.775
92.3
90.375
90.05
92.175
91.775
92.75
91.625
91.1
90.975
90.425
91.925
91.375
94.3
91.95
89.925
90.825
89.95
92.225
91.5
91.4
91.225
92.375
90.625
90.975
92.325
90.3
91.175
92.525
90.1
91.15
92.05
90.125
90.7
91.675
91.2
90.65
89.5
90.675
90.15
91.275
91.65
90.675
90.9
89.375
92.1
91.45
2Q
9221.33
93.125
92.3
93.325
92.55
93.475
92.65
92.075
94.425
92.525
90.175
91.1
92.3
94.025
92.7
92.125
92.375
91.925
92.825
91.65
90.825
92.7
91.05
92.4
91.4
93.3
92.85
91.975
95.775
93.075
92.875
90.975
91.25
93.55
92.925
93.3
91.95
91.075
91.675
92
92.95
91.225
95.425
92.8
90.9
91.25
91.275
92.825
91.9
92.45
91.775
95.475
91.725
91.65
93.15
91.025
92.825
93.85
90.675
93.3
94.1
90.675
92.675
93.1
92.225
91.675
89.625
92.475
91.075
92.75
95.175
91.425
92.125
90.675
92.625
91.725
S3-FIFO
9210.8
92.3
92.275
93.7
92.9
93.275
92.65
93.95
94.4
93.375
90.85
91.5
92.125
93.975
93.275
92.25
92.375
92.1
93.4
91.975
90.975
92.975
91.675
92.675
91.025
93.525
93.075
92.275
95.825
93.025
92.675
91.575
90.875
93.95
92.75
94.15
91.775
91.325
90.75
90.675
93.85
92.525
95.425
92.825
93.6
91.85
90.975
92.975
92.175
92
92.25
95.875
91.875
91.675
93.125
92.025
93.05
93.25
90.725
92.875
93.8
92.125
92.75
93.275
92.125
92.3
90.175
92.3
91.675
91.95
95.55
92.05
92.6
90.5
92.95
91.8
LIRS:2000
9294.88
93.95
92.425
94.05
93.35
93.4
92.825
93
93.6
93.775
91.65
92.75
94.575
94.425
94.05
93.65
92.375
92.25
91.65
92.75
90.7
92.85
92.4
93.725
91.6
95.55
93.45
93.7
95.075
93.125
92.625
92.825
92.35
94.3
93.875
93.9
92.875
92.125
93.925
92.3
94.875
93.375
95.6
93.35
94.525
92.975
92.55
92.65
91.9
91.775
93.025
95.225
92.025
92.875
93.075
92.15
93.7
94.875
90.875
94.8
93.475
91.9
94.825
95.25
93.4
93.15
91.775
92.375
91.35
95.475
96.175
91.875
93.8
90.95
92.55
92.825
Clock Sweep
9185.83
91.4
91.675
92.525
91.6
92.625
91.575
93.375
93.65
92.65
90.2
89.425
92.1
93.525
92.7
92.825
91.375
91.275
92.925
92.025
90.3
92.4
90.825
92.025
90.075
93.925
91.875
91.55
96.25
92.95
92.175
91.25
90.575
94.075
91.9
93.475
91.225
90.925
90.625
90.875
92.95
91.275
95.225
92
90
90.85
89.95
92.3
91.375
91.525
91.45
95.95
91.1
91.475
92.225
90.25
92.675
93.2
89.975
92.05
93.725
90.45
90.75
92.225
91.225
90.475
89.05
92.575
90.625
91.475
95.075
91.4
92.575
90.3
92.225
91.675
ARC:2000
9270.1
92.2
92.3
94.25
92.775
93.325
92.7
92.975
93.175
93.4
91.475
92.475
94.075
94.225
94.05
93.225
91.9
91.025
91.65
92.9
90.9
93.05
91.325
93.625
91.175
95.475
93.275
92.25
95.125
93.025
92.625
92.5
91.975
93.825
92.975
93.5
92.775
91.825
93.025
92.25
94.625
93.275
95.425
92.85
93.325
92.525
92.6
92.475
91.675
91.725
93.05
95.125
91.925
92.6
92.85
92.1
93.6
95
90.775
94.725
93.125
91.625
92.7
94.7
93.15
93.225
91.5
92.3
91.475
95.05
95.975
92.075
93.55
90.85
92.45
92.5
EACLOCK
9045.38
90.125
86.4
85.05
91.475
84.625
92.875
91.525
87.25
84.1
90.9
89.025
84.975
90.925
88.775
85
89.1
91.95
93.3
84.775
91.75
90.2
90.575
89.775
91.85
92.35
92.375
86.6
88.4
91.9
91.35
93.675
92.05
88.325
78.5
84.8
91.275
92.175
91.05
91.4
89.15
89.95
92.825
87.175
93.75
92.475
87.575
92.725
93.9
88.825
93
89.125
90.025
92.65
91.35
92.05
88.85
93.1
90.475
91.725
92.25
93.55
91.875
92.2
92.675
91.575
86.05
91.775
88.95
91.975
89.225
85.65
89.025
90.575
92.625
88.85
EACLOCK-FDW
9050.6
90.275
86.35
85.025
91.375
84.475
93.025
91.775
87.15
84.1
91.025
89.125
85.075
91.025
88.85
85.1
89.125
91.8
93.15
84.675
92.05
90.2
90.525
89.725
91.575
92.45
92.35
86.625
88.525
91.825
91.4
93.85
91.85
88.65
78.85
85
91.325
92.55
91.2
91.7
89.675
89.725
93.125
86.95
93.825
93
87.85
92.9
93.925
89.3
92.875
89
90.025
92.7
91.825
92.225
89.025
93.25
90.475
91.9
92.275
93.675
92.025
92.575
92.7
91.9
86.1
91.625
88.925
92.125
89.3
85.55
89.175
90.4
92.65
88.8
EACLOCK-FWA
9045.67
90.175
86.425
84.975
91.475
84.6
92.9
91.6
87.25
84.1
90.85
88.975
85.025
90.975
88.8
85
89.1
92.05
93.325
84.85
91.775
90.2
90.575
89.75
91.825
92.275
92.35
86.55
88.4
91.9
91.375
93.725
92.075
88.3
78.475
84.825
91.325
92.2
91.1
91.4
89.075
89.95
92.875
87.2
93.75
92.475
87.575
92.725
93.95
88.9
92.975
89.125
90
92.675
91.375
92.075
88.925
93.15
90.5
91.725
92.25
93.575
91.825
92.225
92.575
91.575
86
91.625
88.925
91.95
89.25
85.675
89.1
90.6
92.725
88.9
2Q
9102.9
90.425
86.8
85.25
93.3
84.8
93.875
92.1
88.225
84.875
91.35
90.175
86.625
91.425
90.15
85.65
90.3
94.8
94.5
85.325
94.525
91.3
92.275
90.45
93.65
92.975
92.625
88.075
88.6
93.2
91.8
94.175
93.775
90.075
80.275
86.925
91.925
93.45
92.175
92.975
90.8
90.35
93.625
88.375
94.725
94.375
88.975
93.575
95.2
89.975
93.275
90.75
91.225
94.925
92.5
92.8
89.325
94.825
90.875
93.025
94.2
93.75
92.3
95.625
93
92.15
87
92.3
91.6
92.45
89.65
87.075
90
91.075
94.15
89.475
S3-FIFO
9041.3
90.025
85.8
84.8
91.575
84.1
92.525
91.625
87.15
84.175
90.625
89.025
84.975
90.725
88.65
85.075
88.675
92.05
93
84.575
92.5
90.05
90.325
89.5
91.8
92.45
92.05
86.7
88.325
92.075
91.2
93.775
91.9
88.375
78.4
85.225
91.2
92.475
90.95
91.725
89.35
89.5
92.725
87.025
93.725
92.525
87.35
92.6
93.9
89
92.775
89.25
89.725
92.85
91.625
91.8
88.575
93.225
90.15
91.825
92.375
93.65
92.05
93.275
92.8
91.6
86.025
91.325
89.4
92.1
89.025
85.675
88.825
90.2
92.7
88.5
LIRS:2000
9066.12
90.425
86.35
85.05
92.1
84.325
92.925
91.725
87.525
84.2
90.9
89.05
85.275
90.85
89.15
85.25
89.275
92.125
93.075
84.725
92.425
90.425
91
89.85
92.25
92.25
92.375
87.25
88.65
92.675
91.6
94
92.625
89.1
78.9
85.675
91.325
92.55
91.125
91.85
89.7
89.7
92.975
87.1
93.85
92.875
87.55
93
94.125
89.325
92.95
89.55
90.05
93.25
92.125
92.15
89.2
93.65
90.625
92.525
93
93.725
92.275
94.35
92.9
92
86.275
91.575
89.85
92.35
89.275
85.95
89.225
90.45
92.775
88.875
Clock Sweep
9049.3
89.775
86.075
84.575
91.225
84.275
92.7
91.275
87.3
84.475
90.475
89.125
84.675
90.725
88.675
84.8
88.9
92.05
92.975
84.75
92.125
90.225
90.725
89.7
91.85
92.45
92.3
86.475
88.225
91.575
91.2
93.8
92.35
88.7
79
84.725
91.275
92.25
91.45
91.9
89.475
89.7
92.925
86.975
93.825
92.875
87.7
92.9
93.85
89.4
92.85
88.875
90.175
93.075
92.025
91.575
88.8
93.175
90.45
92.05
92.15
93.55
91.85
93.425
92.3
91.625
86.3
91.375
88.9
91.925
89.175
85.55
88.75
90.225
92.625
88.725
ARC:2000
9067.5
90
86.1
84.575
91.75
84.4
92.6
91.5
87.5
84.325
90.65
89.25
85.325
90.925
89.025
85.2
89.375
92.675
92.9
84.75
93.275
90.45
90.9
89.675
92.6
92.55
92.3
86.8
88.45
92.3
91.325
94.125
92.325
89.25
78.975
85.1
91.25
92.45
91.375
91.875
89.5
89.65
93.075
87
93.975
93.025
87.6
93.275
94.275
89.75
92.875
89.175
90.225
93.425
92.175
91.65
88.825
93.8
90.475
92.05
92.95
93.55
92.05
94.6
92.325
91.8
86.5
91.375
89.125
92.15
89.25
85.425
88.925
90.25
92.725
88.85
EACLOCK
5185.15
52.55
52.825
52.6
52.1
52.75
53.25
52.625
53.025
53.025
52.275
52.15
52.225
51.775
53.35
52.475
51.9
51.275
51.85
52.65
52.1
52.125
52.65
52.95
52.45
53
53.15
51.15
53.625
52.6
54.025
53.15
52.125
52.325
54.5
52.975
52.35
51.875
52.8
53.4
52.775
52.85
53.05
51.425
53.625
54.2
54.55
54.125
51.55
53.475
53.05
51.575
52.975
51.775
52.225
51.75
53.725
53.175
52.9
54.775
52.275
53.225
53.6
52.375
52.95
52.375
52.975
54.45
50.15
52.8
52.025
53.575
52.725
51.275
53.2
52.15
EACLOCK-FDW
5185.15
52.55
52.825
52.6
52.1
52.75
53.25
52.625
53.025
53.025
52.275
52.15
52.225
51.775
53.35
52.475
51.9
51.275
51.85
52.65
52.1
52.125
52.65
52.95
52.45
53
53.15
51.15
53.625
52.6
54.025
53.15
52.125
52.325
54.5
52.975
52.35
51.875
52.8
53.4
52.775
52.85
53.05
51.425
53.625
54.2
54.55
54.125
51.55
53.475
53.05
51.575
52.975
51.775
52.225
51.75
53.725
53.175
52.9
54.775
52.275
53.225
53.6
52.375
52.95
52.375
52.975
54.45
50.15
52.8
52.025
53.575
52.725
51.275
53.2
52.15
EACLOCK-FWA
5192.23
53.025
53.725
52.4
52.725
53.125
53.5
53.05
53.1
53.5
52.8
52.525
52.375
51.775
53.7
52.425
52.375
51.75
52.325
52.45
51.975
52.275
52.525
52.075
53
52.3
52.875
51.325
53.55
52.7
53.775
53.15
52.4
53.125
54.375
53.2
52.2
52.7
52.925
53.05
52.475
52.975
52.85
51.975
53.775
54.7
54.05
53.85
52.075
53.2
53.35
52.025
53.025
52.1
53.075
52.25
53.925
52.975
52.675
54.9
52.675
53.625
53.3
52.275
52.95
52.325
53.4
54.425
50.425
53.35
51.775
53.125
52.5
51.075
53.175
52.05
2Q
5085.95
49.95
51.375
50.925
51.375
51.075
52
51.825
51.475
51.525
51.725
51.3
51.375
51.375
52.15
50.7
50.9
50.35
51.075
50.975
49.675
50.1
51.125
51.15
51.475
51.3
50.625
50
51.85
51.2
51.25
51.5
50.25
51.25
52.1
51.75
50.3
50.45
51.35
51.775
50.375
51.375
51.7
50.975
51.425
52.35
52.05
52.275
50.175
52.275
51.35
50.05
51.6
50.325
51.7
50.725
51.5
51.1
50.9
52.8
50.725
51.825
51.125
50.55
52.25
50.6
50.8
51.475
48.575
51.675
51.125
51.2
51.55
49.8
50.425
50.6
S3-FIFO
5099
50.825
52.225
51.225
51.75
51.525
52.85
52.125
52.25
51.85
51.825
51.225
51.475
51.4
53
50.4
51.15
50.3
51.575
51.6
50.825
51.075
51
51.15
52.175
51.7
51.55
50.125
51.9
51.875
51.3
51.35
51.375
52.2
52.85
52.2
50.95
50.55
51.675
51.775
50.325
52.3
52.825
51.425
52.125
53.125
52.175
52.25
50.85
51.875
52.05
50.75
51.85
50.55
52.1
51.1
52.15
51.55
51.05
53.25
50.925
52.05
51.25
51.025
52.35
51.2
52.275
51.85
49.85
52.1
51.725
52.4
51.825
49.85
51.05
51.325
LIRS:2000
5085.48
50.25
51.85
50.425
51.075
50.85
51.675
51.575
51.35
51.6
52.325
50.5
51.25
50.45
52.2
50.025
51.425
49.5
51.075
50.825
50
50.75
50.925
50.125
51.775
50.75
50.45
50
51.15
51.15
50.825
50.95
50.55
51.05
52.55
51.125
50.525
49.525
50.85
52.05
50.05
51.375
52.325
50.475
51.725
52.75
51.475
51.825
49.925
52.45
50.925
50.9
50.85
49.725
52.175
50.475
51.975
50.95
50.95
52.525
50.225
51.1
51.325
50.625
51.625
50.05
51.325
51.15
48.85
51.675
51.275
51.125
51.35
49.375
49.95
51.325
Clock Sweep
5020.62
48.675
50.625
50.025
49.975
50.625
51
50.975
50.625
51.35
50.525
49.95
49.9
49.5
51.3
50.375
50.225
50.2
49.675
51
49.4
49.725
49.825
50.25
51.275
50.2
50.45
49.1
51.375
49.525
50.325
51.2
50.15
51.05
51.65
50.175
49.625
50.75
50.825
51.7
50.45
50.9
51.325
50.05
51.375
51.4
51.5
50.8
50.95
51.75
50.125
49.85
51.025
49.3
50.9
49.725
51.325
49.95
50.475
52.25
49.775
51.625
49.95
50.25
51.75
49.25
50.275
51.625
48.65
50.75
50.5
51.15
50.525
49.075
50.85
49.525
ARC:2000
5045.5
49.1
50.85
50.125
50.125
50.25
51.35
51.225
50.325
51.25
50.475
50.225
50.4
49.4
51.35
50.7
50.575
50
49.775
51.2
49.5
50.1
50.25
50.625
51.3
50.2
50.625
49.175
51.625
49.875
50.25
50.975
50.275
51.2
51.775
50.4
50.025
50.875
50.825
51.35
50.625
50.875
51.475
50.3
51.05
51.675
51.725
50.975
50.7
51.55
50.575
49.775
51.125
49.3
51.075
49.85
51.5
50.425
50.7
52.775
49.875
51.775
50.1
50.75
51.625
49.35
50.575
51.9
48.675
50.775
50.85
50.8
50.775
49.175
50.55
50.3
EACLOCK
9224.27
92.15
91.7
93.325
92.05
92.6
91.9
92.275
92.875
92.075
90.625
91.7
92.9
92.75
93.125
92.425
91.375
90.075
91.4
91.725
89.775
91.375
90.85
92.225
90.775
94.325
91.675
91.25
91.95
92.725
92.275
90.6
90.325
92.3
92.35
92.875
91.875
91.025
91.175
90.35
91.95
91.775
94.425
91.975
90.45
91.075
90.025
92.1
91.55
91.375
91.5
92.975
90.8
91.4
92.15
90.75
91.9
92.825
90
92
92.025
90.525
91.725
92.9
91.575
90.875
89.5
90.575
90.5
92.2
92.125
90.875
91.925
89.9
92.05
92
EACLOCK-FDW
9224.27
92.15
91.7
93.325
92.05
92.6
91.9
92.275
92.875
92.075
90.625
91.7
92.9
92.75
93.125
92.425
91.375
90.075
91.4
91.725
89.775
91.375
90.85
92.225
90.775
94.325
91.675
91.25
91.95
92.725
92.275
90.6
90.325
92.3
92.35
92.875
91.875
91.025
91.175
90.35
91.95
91.775
94.425
91.975
90.45
91.075
90.025
92.1
91.55
91.375
91.5
92.975
90.8
91.4
92.15
90.75
91.9
92.825
90
92
92.025
90.525
91.725
92.9
91.575
90.875
89.5
90.575
90.5
92.2
92.125
90.875
91.925
89.9
92.05
92
EACLOCK-FWA
9212.85
92.125
91.65
93.15
91.85
92.65
92.075
92.25
92.675
92
90.675
90.8
92.45
92.15
92.625
92.425
91.55
90.075
91.575
91.375
89.85
91.675
90.7
91.75
90.65
94.3
91.5
90.875
91.575
92.775
92.3
90.375
90.05
92.175
91.775
92.75
91.625
91.1
90.975
90.425
91.925
91.375
94.3
91.95
89.925
90.825
89.95
92.225
91.5
91.4
91.225
92.375
90.625
90.975
92.325
90.3
91.175
92.525
90.1
91.15
92.05
90.125
90.7
91.675
91.2
90.65
89.5
90.675
90.15
91.275
91.65
90.675
90.9
89.375
92.1
91.45
2Q
9221.33
93.125
92.3
93.325
92.55
93.475
92.65
92.075
94.425
92.525
90.175
91.1
92.3
94.025
92.7
92.125
92.375
91.925
92.825
91.65
90.825
92.7
91.05
92.4
91.4
93.3
92.85
91.975
95.775
93.075
92.875
90.975
91.25
93.55
92.925
93.3
91.95
91.075
91.675
92
92.95
91.225
95.425
92.8
90.9
91.25
91.275
92.825
91.9
92.45
91.775
95.475
91.725
91.65
93.15
91.025
92.825
93.85
90.675
93.3
94.1
90.675
92.675
93.1
92.225
91.675
89.625
92.475
91.075
92.75
95.175
91.425
92.125
90.675
92.625
91.725
S3-FIFO
9210.8
92.3
92.275
93.7
92.9
93.275
92.65
93.95
94.4
93.375
90.85
91.5
92.125
93.975
93.275
92.25
92.375
92.1
93.4
91.975
90.975
92.975
91.675
92.675
91.025
93.525
93.075
92.275
95.825
93.025
92.675
91.575
90.875
93.95
92.75
94.15
91.775
91.325
90.75
90.675
93.85
92.525
95.425
92.825
93.6
91.85
90.975
92.975
92.175
92
92.25
95.875
91.875
91.675
93.125
92.025
93.05
93.25
90.725
92.875
93.8
92.125
92.75
93.275
92.125
92.3
90.175
92.3
91.675
91.95
95.55
92.05
92.6
90.5
92.95
91.8
LIRS:2000
9294.88
93.95
92.425
94.05
93.35
93.4
92.825
93
93.6
93.775
91.65
92.75
94.575
94.425
94.05
93.65
92.375
92.25
91.65
92.75
90.7
92.85
92.4
93.725
91.6
95.55
93.45
93.7
95.075
93.125
92.625
92.825
92.35
94.3
93.875
93.9
92.875
92.125
93.925
92.3
94.875
93.375
95.6
93.35
94.525
92.975
92.55
92.65
91.9
91.775
93.025
95.225
92.025
92.875
93.075
92.15
93.7
94.875
90.875
94.8
93.475
91.9
94.825
95.25
93.4
93.15
91.775
92.375
91.35
95.475
96.175
91.875
93.8
90.95
92.55
92.825
Clock Sweep
9185.83
91.4
91.675
92.525
91.6
92.625
91.575
93.375
93.65
92.65
90.2
89.425
92.1
93.525
92.7
92.825
91.375
91.275
92.925
92.025
90.3
92.4
90.825
92.025
90.075
93.925
91.875
91.55
96.25
92.95
92.175
91.25
90.575
94.075
91.9
93.475
91.225
90.925
90.625
90.875
92.95
91.275
95.225
92
90
90.85
89.95
92.3
91.375
91.525
91.45
95.95
91.1
91.475
92.225
90.25
92.675
93.2
89.975
92.05
93.725
90.45
90.75
92.225
91.225
90.475
89.05
92.575
90.625
91.475
95.075
91.4
92.575
90.3
92.225
91.675
ARC:2000
9270.1
92.2
92.3
94.25
92.775
93.325
92.7
92.975
93.175
93.4
91.475
92.475
94.075
94.225
94.05
93.225
91.9
91.025
91.65
92.9
90.9
93.05
91.325
93.625
91.175
95.475
93.275
92.25
95.125
93.025
92.625
92.5
91.975
93.825
92.975
93.5
92.775
91.825
93.025
92.25
94.625
93.275
95.425
92.85
93.325
92.525
92.6
92.475
91.675
91.725
93.05
95.125
91.925
92.6
92.85
92.1
93.6
95
90.775
94.725
93.125
91.625
92.7
94.7
93.15
93.225
91.5
92.3
91.475
95.05
95.975
92.075
93.55
90.85
92.45
92.5
EACLOCK
9224.27
92.15
91.7
93.325
92.05
92.6
91.9
92.275
92.875
92.075
90.625
91.7
92.9
92.75
93.125
92.425
91.375
90.075
91.4
91.725
89.775
91.375
90.85
92.225
90.775
94.325
91.675
91.25
91.95
92.725
92.275
90.6
90.325
92.3
92.35
92.875
91.875
91.025
91.175
90.35
91.95
91.775
94.425
91.975
90.45
91.075
90.025
92.1
91.55
91.375
91.5
92.975
90.8
91.4
92.15
90.75
91.9
92.825
90
92
92.025
90.525
91.725
92.9
91.575
90.875
89.5
90.575
90.5
92.2
92.125
90.875
91.925
89.9
92.05
92
EACLOCK-FDW
9224.27
92.15
91.7
93.325
92.05
92.6
91.9
92.275
92.875
92.075
90.625
91.7
92.9
92.75
93.125
92.425
91.375
90.075
91.4
91.725
89.775
91.375
90.85
92.225
90.775
94.325
91.675
91.25
91.95
92.725
92.275
90.6
90.325
92.3
92.35
92.875
91.875
91.025
91.175
90.35
91.95
91.775
94.425
91.975
90.45
91.075
90.025
92.1
91.55
91.375
91.5
92.975
90.8
91.4
92.15
90.75
91.9
92.825
90
92
92.025
90.525
91.725
92.9
91.575
90.875
89.5
90.575
90.5
92.2
92.125
90.875
91.925
89.9
92.05
92
EACLOCK-FWA
9212.85
92.125
91.65
93.15
91.85
92.65
92.075
92.25
92.675
92
90.675
90.8
92.45
92.15
92.625
92.425
91.55
90.075
91.575
91.375
89.85
91.675
90.7
91.75
90.65
94.3
91.5
90.875
91.575
92.775
92.3
90.375
90.05
92.175
91.775
92.75
91.625
91.1
90.975
90.425
91.925
91.375
94.3
91.95
89.925
90.825
89.95
92.225
91.5
91.4
91.225
92.375
90.625
90.975
92.325
90.3
91.175
92.525
90.1
91.15
92.05
90.125
90.7
91.675
91.2
90.65
89.5
90.675
90.15
91.275
91.65
90.675
90.9
89.375
92.1
91.45
2Q
9221.33
93.125
92.3
93.325
92.55
93.475
92.65
92.075
94.425
92.525
90.175
91.1
92.3
94.025
92.7
92.125
92.375
91.925
92.825
91.65
90.825
92.7
91.05
92.4
91.4
93.3
92.85
91.975
95.775
93.075
92.875
90.975
91.25
93.55
92.925
93.3
91.95
91.075
91.675
92
92.95
91.225
95.425
92.8
90.9
91.25
91.275
92.825
91.9
92.45
91.775
95.475
91.725
91.65
93.15
91.025
92.825
93.85
90.675
93.3
94.1
90.675
92.675
93.1
92.225
91.675
89.625
92.475
91.075
92.75
95.175
91.425
92.125
90.675
92.625
91.725
S3-FIFO
9210.8
92.3
92.275
93.7
92.9
93.275
92.65
93.95
94.4
93.375
90.85
91.5
92.125
93.975
93.275
92.25
92.375
92.1
93.4
91.975
90.975
92.975
91.675
92.675
91.025
93.525
93.075
92.275
95.825
93.025
92.675
91.575
90.875
93.95
92.75
94.15
91.775
91.325
90.75
90.675
93.85
92.525
95.425
92.825
93.6
91.85
90.975
92.975
92.175
92
92.25
95.875
91.875
91.675
93.125
92.025
93.05
93.25
90.725
92.875
93.8
92.125
92.75
93.275
92.125
92.3
90.175
92.3
91.675
91.95
95.55
92.05
92.6
90.5
92.95
91.8
LIRS:2000
9294.88
93.95
92.425
94.05
93.35
93.4
92.825
93
93.6
93.775
91.65
92.75
94.575
94.425
94.05
93.65
92.375
92.25
91.65
92.75
90.7
92.85
92.4
93.725
91.6
95.55
93.45
93.7
95.075
93.125
92.625
92.825
92.35
94.3
93.875
93.9
92.875
92.125
93.925
92.3
94.875
93.375
95.6
93.35
94.525
92.975
92.55
92.65
91.9
91.775
93.025
95.225
92.025
92.875
93.075
92.15
93.7
94.875
90.875
94.8
93.475
91.9
94.825
95.25
93.4
93.15
91.775
92.375
91.35
95.475
96.175
91.875
93.8
90.95
92.55
92.825
Clock Sweep
9185.83
91.4
91.675
92.525
91.6
92.625
91.575
93.375
93.65
92.65
90.2
89.425
92.1
93.525
92.7
92.825
91.375
91.275
92.925
92.025
90.3
92.4
90.825
92.025
90.075
93.925
91.875
91.55
96.25
92.95
92.175
91.25
90.575
94.075
91.9
93.475
91.225
90.925
90.625
90.875
92.95
91.275
95.225
92
90
90.85
89.95
92.3
91.375
91.525
91.45
95.95
91.1
91.475
92.225
90.25
92.675
93.2
89.975
92.05
93.725
90.45
90.75
92.225
91.225
90.475
89.05
92.575
90.625
91.475
95.075
91.4
92.575
90.3
92.225
91.675
ARC:2000
9270.1
92.2
92.3
94.25
92.775
93.325
92.7
92.975
93.175
93.4
91.475
92.475
94.075
94.225
94.05
93.225
91.9
91.025
91.65
92.9
90.9
93.05
91.325
93.625
91.175
95.475
93.275
92.25
95.125
93.025
92.625
92.5
91.975
93.825
92.975
93.5
92.775
91.825
93.025
92.25
94.625
93.275
95.425
92.85
93.325
92.525
92.6
92.475
91.675
91.725
93.05
95.125
91.925
92.6
92.85
92.1
93.6
95
90.775
94.725
93.125
91.625
92.7
94.7
93.15
93.225
91.5
92.3
91.475
95.05
95.975
92.075
93.55
90.85
92.45
92.5
EACLOCK
9224.27
92.15
91.7
93.325
92.05
92.6
91.9
92.275
92.875
92.075
90.625
91.7
92.9
92.75
93.125
92.425
91.375
90.075
91.4
91.725
89.775
91.375
90.85
92.225
90.775
94.325
91.675
91.25
91.95
92.725
92.275
90.6
90.325
92.3
92.35
92.875
91.875
91.025
91.175
90.35
91.95
91.775
94.425
91.975
90.45
91.075
90.025
92.1
91.55
91.375
91.5
92.975
90.8
91.4
92.15
90.75
91.9
92.825
90
92
92.025
90.525
91.725
92.9
91.575
90.875
89.5
90.575
90.5
92.2
92.125
90.875
91.925
89.9
92.05
92
EACLOCK-FDW
9224.27
92.15
91.7
93.325
92.05
92.6
91.9
92.275
92.875
92.075
90.625
91.7
92.9
92.75
93.125
92.425
91.375
90.075
91.4
91.725
89.775
91.375
90.85
92.225
90.775
94.325
91.675
91.25
91.95
92.725
92.275
90.6
90.325
92.3
92.35
92.875
91.875
91.025
91.175
90.35
91.95
91.775
94.425
91.975
90.45
91.075
90.025
92.1
91.55
91.375
91.5
92.975
90.8
91.4
92.15
90.75
91.9
92.825
90
92
92.025
90.525
91.725
92.9
91.575
90.875
89.5
90.575
90.5
92.2
92.125
90.875
91.925
89.9
92.05
92
EACLOCK-FWA
9212.85
92.125
91.65
93.15
91.85
92.65
92.075
92.25
92.675
92
90.675
90.8
92.45
92.15
92.625
92.425
91.55
90.075
91.575
91.375
89.85
91.675
90.7
91.75
90.65
94.3
91.5
90.875
91.575
92.775
92.3
90.375
90.05
92.175
91.775
92.75
91.625
91.1
90.975
90.425
91.925
91.375
94.3
91.95
89.925
90.825
89.95
92.225
91.5
91.4
91.225
92.375
90.625
90.975
92.325
90.3
91.175
92.525
90.1
91.15
92.05
90.125
90.7
91.675
91.2
90.65
89.5
90.675
90.15
91.275
91.65
90.675
90.9
89.375
92.1
91.45
2Q
9221.33
93.125
92.3
93.325
92.55
93.475
92.65
92.075
94.425
92.525
90.175
91.1
92.3
94.025
92.7
92.125
92.375
91.925
92.825
91.65
90.825
92.7
91.05
92.4
91.4
93.3
92.85
91.975
95.775
93.075
92.875
90.975
91.25
93.55
92.925
93.3
91.95
91.075
91.675
92
92.95
91.225
95.425
92.8
90.9
91.25
91.275
92.825
91.9
92.45
91.775
95.475
91.725
91.65
93.15
91.025
92.825
93.85
90.675
93.3
94.1
90.675
92.675
93.1
92.225
91.675
89.625
92.475
91.075
92.75
95.175
91.425
92.125
90.675
92.625
91.725
S3-FIFO
9210.8
92.3
92.275
93.7
92.9
93.275
92.65
93.95
94.4
93.375
90.85
91.5
92.125
93.975
93.275
92.25
92.375
92.1
93.4
91.975
90.975
92.975
91.675
92.675
91.025
93.525
93.075
92.275
95.825
93.025
92.675
91.575
90.875
93.95
92.75
94.15
91.775
91.325
90.75
90.675
93.85
92.525
95.425
92.825
93.6
91.85
90.975
92.975
92.175
92
92.25
95.875
91.875
91.675
93.125
92.025
93.05
93.25
90.725
92.875
93.8
92.125
92.75
93.275
92.125
92.3
90.175
92.3
91.675
91.95
95.55
92.05
92.6
90.5
92.95
91.8
LIRS:2000
9294.88
93.95
92.425
94.05
93.35
93.4
92.825
93
93.6
93.775
91.65
92.75
94.575
94.425
94.05
93.65
92.375
92.25
91.65
92.75
90.7
92.85
92.4
93.725
91.6
95.55
93.45
93.7
95.075
93.125
92.625
92.825
92.35
94.3
93.875
93.9
92.875
92.125
93.925
92.3
94.875
93.375
95.6
93.35
94.525
92.975
92.55
92.65
91.9
91.775
93.025
95.225
92.025
92.875
93.075
92.15
93.7
94.875
90.875
94.8
93.475
91.9
94.825
95.25
93.4
93.15
91.775
92.375
91.35
95.475
96.175
91.875
93.8
90.95
92.55
92.825
MMCLOCK
Clock Sweep
9185.83
91.4
91.675
92.525
91.6
92.625
91.575
93.375
93.65
92.65
90.2
89.425
92.1
93.525
92.7
92.825
91.375
91.275
92.925
92.025
90.3
92.4
90.825
92.025
90.075
93.925
91.875
91.55
96.25
92.95
92.175
91.25
90.575
94.075
91.9
93.475
91.225
90.925
90.625
90.875
92.95
91.275
95.225
92
90
90.85
89.95
92.3
91.375
91.525
91.45
95.95
91.1
91.475
92.225
90.25
92.675
93.2
89.975
92.05
93.725
90.45
90.75
92.225
91.225
90.475
89.05
92.575
90.625
91.475
95.075
91.4
92.575
90.3
92.225
91.675
ARC:2000
9270.1
92.2
92.3
94.25
92.775
93.325
92.7
92.975
93.175
93.4
91.475
92.475
94.075
94.225
94.05
93.225
91.9
91.025
91.65
92.9
90.9
93.05
91.325
93.625
91.175
95.475
93.275
92.25
95.125
93.025
92.625
92.5
91.975
93.825
92.975
93.5
92.775
91.825
93.025
92.25
94.625
93.275
95.425
92.85
93.325
92.525
92.6
92.475
91.675
91.725
93.05
95.125
91.925
92.6
92.85
92.1
93.6
95
90.775
94.725
93.125
91.625
92.7
94.7
93.15
93.225
91.5
92.3
91.475
95.05
95.975
92.075
93.55
90.85
92.45
92.5
EACLOCK
9224.27
92.15
91.7
93.325
92.05
92.6
91.9
92.275
92.875
92.075
90.625
91.7
92.9
92.75
93.125
92.425
91.375
90.075
91.4
91.725
89.775
91.375
90.85
92.225
90.775
94.325
91.675
91.25
91.95
92.725
92.275
90.6
90.325
92.3
92.35
92.875
91.875
91.025
91.175
90.35
91.95
91.775
94.425
91.975
90.45
91.075
90.025
92.1
91.55
91.375
91.5
92.975
90.8
91.4
92.15
90.75
91.9
92.825
90
92
92.025
90.525
91.725
92.9
91.575
90.875
89.5
90.575
90.5
92.2
92.125
90.875
91.925
89.9
92.05
92
EACLOCK-FDW
9224.27
92.15
91.7
93.325
92.05
92.6
91.9
92.275
92.875
92.075
90.625
91.7
92.9
92.75
93.125
92.425
91.375
90.075
91.4
91.725
89.775
91.375
90.85
92.225
90.775
94.325
91.675
91.25
91.95
92.725
92.275
90.6
90.325
92.3
92.35
92.875
91.875
91.025
91.175
90.35
91.95
91.775
94.425
91.975
90.45
91.075
90.025
92.1
91.55
91.375
91.5
92.975
90.8
91.4
92.15
90.75
91.9
92.825
90
92
92.025
90.525
91.725
92.9
91.575
90.875
89.5
90.575
90.5
92.2
92.125
90.875
91.925
89.9
92.05
92
EACLOCK-FWA
9212.85
92.125
91.65
93.15
91.85
92.65
92.075
92.25
92.675
92
90.675
90.8
92.45
92.15
92.625
92.425
91.55
90.075
91.575
91.375
89.85
91.675
90.7
91.75
90.65
94.3
91.5
90.875
91.575
92.775
92.3
90.375
90.05
92.175
91.775
92.75
91.625
91.1
90.975
90.425
91.925
91.375
94.3
91.95
89.925
90.825
89.95
92.225
91.5
91.4
91.225
92.375
90.625
90.975
92.325
90.3
91.175
92.525
90.1
91.15
92.05
90.125
90.7
91.675
91.2
90.65
89.5
90.675
90.15
91.275
91.65
90.675
90.9
89.375
92.1
91.45
2Q
9221.33
93.125
92.3
93.325
92.55
93.475
92.65
92.075
94.425
92.525
90.175
91.1
92.3
94.025
92.7
92.125
92.375
91.925
92.825
91.65
90.825
92.7
91.05
92.4
91.4
93.3
92.85
91.975
95.775
93.075
92.875
90.975
91.25
93.55
92.925
93.3
91.95
91.075
91.675
92
92.95
91.225
95.425
92.8
90.9
91.25
91.275
92.825
91.9
92.45
91.775
95.475
91.725
91.65
93.15
91.025
92.825
93.85
90.675
93.3
94.1
90.675
92.675
93.1
92.225
91.675
89.625
92.475
91.075
92.75
95.175
91.425
92.125
90.675
92.625
91.725
S3-FIFO
9210.8
92.3
92.275
93.7
92.9
93.275
92.65
93.95
94.4
93.375
90.85
91.5
92.125
93.975
93.275
92.25
92.375
92.1
93.4
91.975
90.975
92.975
91.675
92.675
91.025
93.525
93.075
92.275
95.825
93.025
92.675
91.575
90.875
93.95
92.75
94.15
91.775
91.325
90.75
90.675
93.85
92.525
95.425
92.825
93.6
91.85
90.975
92.975
92.175
92
92.25
95.875
91.875
91.675
93.125
92.025
93.05
93.25
90.725
92.875
93.8
92.125
92.75
93.275
92.125
92.3
90.175
92.3
91.675
91.95
95.55
92.05
92.6
90.5
92.95
91.8
LIRS:2000
9294.88
93.95
92.425
94.05
93.35
93.4
92.825
93
93.6
93.775
91.65
92.75
94.575
94.425
94.05
93.65
92.375
92.25
91.65
92.75
90.7
92.85
92.4
93.725
91.6
95.55
93.45
93.7
95.075
93.125
92.625
92.825
92.35
94.3
93.875
93.9
92.875
92.125
93.925
92.3
94.875
93.375
95.6
93.35
94.525
92.975
92.55
92.65
91.9
91.775
93.025
95.225
92.025
92.875
93.075
92.15
93.7
94.875
90.875
94.8
93.475
91.9
94.825
95.25
93.4
93.15
91.775
92.375
91.35
95.475
96.175
91.875
93.8
90.95
92.55
92.825
MMCLOCK
Clock Sweep
9185.83
91.4
91.675
92.525
91.6
92.625
91.575
93.375
93.65
92.65
90.2
89.425
92.1
93.525
92.7
92.825
91.375
91.275
92.925
92.025
90.3
92.4
90.825
92.025
90.075
93.925
91.875
91.55
96.25
92.95
92.175
91.25
90.575
94.075
91.9
93.475
91.225
90.925
90.625
90.875
92.95
91.275
95.225
92
90
90.85
89.95
92.3
91.375
91.525
91.45
95.95
91.1
91.475
92.225
90.25
92.675
93.2
89.975
92.05
93.725
90.45
90.75
92.225
91.225
90.475
89.05
92.575
90.625
91.475
95.075
91.4
92.575
90.3
92.225
91.675
ARC:2000
9270.1
92.2
92.3
94.25
92.775
93.325
92.7
92.975
93.175
93.4
91.475
92.475
94.075
94.225
94.05
93.225
91.9
91.025
91.65
92.9
90.9
93.05
91.325
93.625
91.175
95.475
93.275
92.25
95.125
93.025
92.625
92.5
91.975
93.825
92.975
93.5
92.775
91.825
93.025
92.25
94.625
93.275
95.425
92.85
93.325
92.525
92.6
92.475
91.675
91.725
93.05
95.125
91.925
92.6
92.85
92.1
93.6
95
90.775
94.725
93.125
91.625
92.7
94.7
93.15
93.225
91.5
92.3
91.475
95.05
95.975
92.075
93.55
90.85
92.45
92.5
EACLOCK
9224.27
92.15
91.7
93.325
92.05
92.6
91.9
92.275
92.875
92.075
90.625
91.7
92.9
92.75
93.125
92.425
91.375
90.075
91.4
91.725
89.775
91.375
90.85
92.225
90.775
94.325
91.675
91.25
91.95
92.725
92.275
90.6
90.325
92.3
92.35
92.875
91.875
91.025
91.175
90.35
91.95
91.775
94.425
91.975
90.45
91.075
90.025
92.1
91.55
91.375
91.5
92.975
90.8
91.4
92.15
90.75
91.9
92.825
90
92
92.025
90.525
91.725
92.9
91.575
90.875
89.5
90.575
90.5
92.2
92.125
90.875
91.925
89.9
92.05
92
EACLOCK-FDW
9224.27
92.15
91.7
93.325
92.05
92.6
91.9
92.275
92.875
92.075
90.625
91.7
92.9
92.75
93.125
92.425
91.375
90.075
91.4
91.725
89.775
91.375
90.85
92.225
90.775
94.325
91.675
91.25
91.95
92.725
92.275
90.6
90.325
92.3
92.35
92.875
91.875
91.025
91.175
90.35
91.95
91.775
94.425
91.975
90.45
91.075
90.025
92.1
91.55
91.375
91.5
92.975
90.8
91.4
92.15
90.75
91.9
92.825
90
92
92.025
90.525
91.725
92.9
91.575
90.875
89.5
90.575
90.5
92.2
92.125
90.875
91.925
89.9
92.05
92
EACLOCK-FWA
9212.85
92.125
91.65
93.15
91.85
92.65
92.075
92.25
92.675
92
90.675
90.8
92.45
92.15
92.625
92.425
91.55
90.075
91.575
91.375
89.85
91.675
90.7
91.75
90.65
94.3
91.5
90.875
91.575
92.775
92.3
90.375
90.05
92.175
91.775
92.75
91.625
91.1
90.975
90.425
91.925
91.375
94.3
91.95
89.925
90.825
89.95
92.225
91.5
91.4
91.225
92.375
90.625
90.975
92.325
90.3
91.175
92.525
90.1
91.15
92.05
90.125
90.7
91.675
91.2
90.65
89.5
90.675
90.15
91.275
91.65
90.675
90.9
89.375
92.1
91.45
2Q
9221.33
93.125
92.3
93.325
92.55
93.475
92.65
92.075
94.425
92.525
90.175
91.1
92.3
94.025
92.7
92.125
92.375
91.925
92.825
91.65
90.825
92.7
91.05
92.4
91.4
93.3
92.85
91.975
95.775
93.075
92.875
90.975
91.25
93.55
92.925
93.3
91.95
91.075
91.675
92
92.95
91.225
95.425
92.8
90.9
91.25
91.275
92.825
91.9
92.45
91.775
95.475
91.725
91.65
93.15
91.025
92.825
93.85
90.675
93.3
94.1
90.675
92.675
93.1
92.225
91.675
89.625
92.475
91.075
92.75
95.175
91.425
92.125
90.675
92.625
91.725
S3-FIFO
9210.8
92.3
92.275
93.7
92.9
93.275
92.65
93.95
94.4
93.375
90.85
91.5
92.125
93.975
93.275
92.25
92.375
92.1
93.4
91.975
90.975
92.975
91.675
92.675
91.025
93.525
93.075
92.275
95.825
93.025
92.675
91.575
90.875
93.95
92.75
94.15
91.775
91.325
90.75
90.675
93.85
92.525
95.425
92.825
93.6
91.85
90.975
92.975
92.175
92
92.25
95.875
91.875
91.675
93.125
92.025
93.05
93.25
90.725
92.875
93.8
92.125
92.75
93.275
92.125
92.3
90.175
92.3
91.675
91.95
95.55
92.05
92.6
90.5
92.95
91.8
LIRS:2000
9294.88
93.95
92.425
94.05
93.35
93.4
92.825
93
93.6
93.775
91.65
92.75
94.575
94.425
94.05
93.65
92.375
92.25
91.65
92.75
90.7
92.85
92.4
93.725
91.6
95.55
93.45
93.7
95.075
93.125
92.625
92.825
92.35
94.3
93.875
93.9
92.875
92.125
93.925
92.3
94.875
93.375
95.6
93.35
94.525
92.975
92.55
92.65
91.9
91.775
93.025
95.225
92.025
92.875
93.075
92.15
93.7
94.875
90.875
94.8
93.475
91.9
94.825
95.25
93.4
93.15
91.775
92.375
91.35
95.475
96.175
91.875
93.8
90.95
92.55
92.825
MMCLOCK
Clock Sweep
9185.83
91.4
91.675
92.525
91.6
92.625
91.575
93.375
93.65
92.65
90.2
89.425
92.1
93.525
92.7
92.825
91.375
91.275
92.925
92.025
90.3
92.4
90.825
92.025
90.075
93.925
91.875
91.55
96.25
92.95
92.175
91.25
90.575
94.075
91.9
93.475
91.225
90.925
90.625
90.875
92.95
91.275
95.225
92
90
90.85
89.95
92.3
91.375
91.525
91.45
95.95
91.1
91.475
92.225
90.25
92.675
93.2
89.975
92.05
93.725
90.45
90.75
92.225
91.225
90.475
89.05
92.575
90.625
91.475
95.075
91.4
92.575
90.3
92.225
91.675
ARC:2000
9270.1
92.2
92.3
94.25
92.775
93.325
92.7
92.975
93.175
93.4
91.475
92.475
94.075
94.225
94.05
93.225
91.9
91.025
91.65
92.9
90.9
93.05
91.325
93.625
91.175
95.475
93.275
92.25
95.125
93.025
92.625
92.5
91.975
93.825
92.975
93.5
92.775
91.825
93.025
92.25
94.625
93.275
95.425
92.85
93.325
92.525
92.6
92.475
91.675
91.725
93.05
95.125
91.925
92.6
92.85
92.1
93.6
95
90.775
94.725
93.125
91.625
92.7
94.7
93.15
93.225
91.5
92.3
91.475
95.05
95.975
92.075
93.55
90.85
92.45
92.5
EACLOCK
9224.27
92.15
91.7
93.325
92.05
92.6
91.9
92.275
92.875
92.075
90.625
91.7
92.9
92.75
93.125
92.425
91.375
90.075
91.4
91.725
89.775
91.375
90.85
92.225
90.775
94.325
91.675
91.25
91.95
92.725
92.275
90.6
90.325
92.3
92.35
92.875
91.875
91.025
91.175
90.35
91.95
91.775
94.425
91.975
90.45
91.075
90.025
92.1
91.55
91.375
91.5
92.975
90.8
91.4
92.15
90.75
91.9
92.825
90
92
92.025
90.525
91.725
92.9
91.575
90.875
89.5
90.575
90.5
92.2
92.125
90.875
91.925
89.9
92.05
92
EACLOCK-FDW
9224.27
92.15
91.7
93.325
92.05
92.6
91.9
92.275
92.875
92.075
90.625
91.7
92.9
92.75
93.125
92.425
91.375
90.075
91.4
91.725
89.775
91.375
90.85
92.225
90.775
94.325
91.675
91.25
91.95
92.725
92.275
90.6
90.325
92.3
92.35
92.875
91.875
91.025
91.175
90.35
91.95
91.775
94.425
91.975
90.45
91.075
90.025
92.1
91.55
91.375
91.5
92.975
90.8
91.4
92.15
90.75
91.9
92.825
90
92
92.025
90.525
91.725
92.9
91.575
90.875
89.5
90.575
90.5
92.2
92.125
90.875
91.925
89.9
92.05
92
EACLOCK-FWA
9212.85
92.125
91.65
93.15
91.85
92.65
92.075
92.25
92.675
92
90.675
90.8
92.45
92.15
92.625
92.425
91.55
90.075
91.575
91.375
89.85
91.675
90.7
91.75
90.65
94.3
91.5
90.875
91.575
92.775
92.3
90.375
90.05
92.175
91.775
92.75
91.625
91.1
90.975
90.425
91.925
91.375
94.3
91.95
89.925
90.825
89.95
92.225
91.5
91.4
91.225
92.375
90.625
90.975
92.325
90.3
91.175
92.525
90.1
91.15
92.05
90.125
90.7
91.675
91.2
90.65
89.5
90.675
90.15
91.275
91.65
90.675
90.9
89.375
92.1
91.45
2Q
9221.33
93.125
92.3
93.325
92.55
93.475
92.65
92.075
94.425
92.525
90.175
91.1
92.3
94.025
92.7
92.125
92.375
91.925
92.825
91.65
90.825
92.7
91.05
92.4
91.4
93.3
92.85
91.975
95.775
93.075
92.875
90.975
91.25
93.55
92.925
93.3
91.95
91.075
91.675
92
92.95
91.225
95.425
92.8
90.9
91.25
91.275
92.825
91.9
92.45
91.775
95.475
91.725
91.65
93.15
91.025
92.825
93.85
90.675
93.3
94.1
90.675
92.675
93.1
92.225
91.675
89.625
92.475
91.075
92.75
95.175
91.425
92.125
90.675
92.625
91.725
S3-FIFO
9210.8
92.3
92.275
93.7
92.9
93.275
92.65
93.95
94.4
93.375
90.85
91.5
92.125
93.975
93.275
92.25
92.375
92.1
93.4
91.975
90.975
92.975
91.675
92.675
91.025
93.525
93.075
92.275
95.825
93.025
92.675
91.575
90.875
93.95
92.75
94.15
91.775
91.325
90.75
90.675
93.85
92.525
95.425
92.825
93.6
91.85
90.975
92.975
92.175
92
92.25
95.875
91.875
91.675
93.125
92.025
93.05
93.25
90.725
92.875
93.8
92.125
92.75
93.275
92.125
92.3
90.175
92.3
91.675
91.95
95.55
92.05
92.6
90.5
92.95
91.8
LIRS:2000
9294.88
93.95
92.425
94.05
93.35
93.4
92.825
93
93.6
93.775
91.65
92.75
94.575
94.425
94.05
93.65
92.375
92.25
91.65
92.75
90.7
92.85
92.4
93.725
91.6
95.55
93.45
93.7
95.075
93.125
92.625
92.825
92.35
94.3
93.875
93.9
92.875
92.125
93.925
92.3
94.875
93.375
95.6
93.35
94.525
92.975
92.55
92.65
91.9
91.775
93.025
95.225
92.025
92.875
93.075
92.15
93.7
94.875
90.875
94.8
93.475
91.9
94.825
95.25
93.4
93.15
91.775
92.375
91.35
95.475
96.175
91.875
93.8
90.95
92.55
92.825
MMCLOCK
Clock Sweep
9185.83
91.4
91.675
92.525
91.6
92.625
91.575
93.375
93.65
92.65
90.2
89.425
92.1
93.525
92.7
92.825
91.375
91.275
92.925
92.025
90.3
92.4
90.825
92.025
90.075
93.925
91.875
91.55
96.25
92.95
92.175
91.25
90.575
94.075
91.9
93.475
91.225
90.925
90.625
90.875
92.95
91.275
95.225
92
90
90.85
89.95
92.3
91.375
91.525
91.45
95.95
91.1
91.475
92.225
90.25
92.675
93.2
89.975
92.05
93.725
90.45
90.75
92.225
91.225
90.475
89.05
92.575
90.625
91.475
95.075
91.4
92.575
90.3
92.225
91.675
ARC:2000
9270.1
92.2
92.3
94.25
92.775
93.325
92.7
92.975
93.175
93.4
91.475
92.475
94.075
94.225
94.05
93.225
91.9
91.025
91.65
92.9
90.9
93.05
91.325
93.625
91.175
95.475
93.275
92.25
95.125
93.025
92.625
92.5
91.975
93.825
92.975
93.5
92.775
91.825
93.025
92.25
94.625
93.275
95.425
92.85
93.325
92.525
92.6
92.475
91.675
91.725
93.05
95.125
91.925
92.6
92.85
92.1
93.6
95
90.775
94.725
93.125
91.625
92.7
94.7
93.15
93.225
91.5
92.3
91.475
95.05
95.975
92.075
93.55
90.85
92.45
92.5
EACLOCK
9224.27
92.15
91.7
93.325
92.05
92.6
91.9
92.275
92.875
92.075
90.625
91.7
92.9
92.75
93.125
92.425
91.375
90.075
91.4
91.725
89.775
91.375
90.85
92.225
90.775
94.325
91.675
91.25
91.95
92.725
92.275
90.6
90.325
92.3
92.35
92.875
91.875
91.025
91.175
90.35
91.95
91.775
94.425
91.975
90.45
91.075
90.025
92.1
91.55
91.375
91.5
92.975
90.8
91.4
92.15
90.75
91.9
92.825
90
92
92.025
90.525
91.725
92.9
91.575
90.875
89.5
90.575
90.5
92.2
92.125
90.875
91.925
89.9
92.05
92
EACLOCK-FDW
9224.27
92.15
91.7
93.325
92.05
92.6
91.9
92.275
92.875
92.075
90.625
91.7
92.9
92.75
93.125
92.425
91.375
90.075
91.4
91.725
89.775
91.375
90.85
92.225
90.775
94.325
91.675
91.25
91.95
92.725
92.275
90.6
90.325
92.3
92.35
92.875
91.875
91.025
91.175
90.35
91.95
91.775
94.425
91.975
90.45
91.075
90.025
92.1
91.55
91.375
91.5
92.975
90.8
91.4
92.15
90.75
91.9
92.825
90
92
92.025
90.525
91.725
92.9
91.575
90.875
89.5
90.575
90.5
92.2
92.125
90.875
91.925
89.9
92.05
92
EACLOCK-FWA
9212.85
92.125
91.65
93.15
91.85
92.65
92.075
92.25
92.675
92
90.675
90.8
92.45
92.15
92.625
92.425
91.55
90.075
91.575
91.375
89.85
91.675
90.7
91.75
90.65
94.3
91.5
90.875
91.575
92.775
92.3
90.375
90.05
92.175
91.775
92.75
91.625
91.1
90.975
90.425
91.925
91.375
94.3
91.95
89.925
90.825
89.95
92.225
91.5
91.4
91.225
92.375
90.625
90.975
92.325
90.3
91.175
92.525
90.1
91.15
92.05
90.125
90.7
91.675
91.2
90.65
89.5
90.675
90.15
91.275
91.65
90.675
90.9
89.375
92.1
91.45
2Q
9221.33
93.125
92.3
93.325
92.55
93.475
92.65
92.075
94.425
92.525
90.175
91.1
92.3
94.025
92.7
92.125
92.375
91.925
92.825
91.65
90.825
92.7
91.05
92.4
91.4
93.3
92.85
91.975
95.775
93.075
92.875
90.975
91.25
93.55
92.925
93.3
91.95
91.075
91.675
92
92.95
91.225
95.425
92.8
90.9
91.25
91.275
92.825
91.9
92.45
91.775
95.475
91.725
91.65
93.15
91.025
92.825
93.85
90.675
93.3
94.1
90.675
92.675
93.1
92.225
91.675
89.625
92.475
91.075
92.75
95.175
91.425
92.125
90.675
92.625
91.725
S3-FIFO
9210.8
92.3
92.275
93.7
92.9
93.275
92.65
93.95
94.4
93.375
90.85
91.5
92.125
93.975
93.275
92.25
92.375
92.1
93.4
91.975
90.975
92.975
91.675
92.675
91.025
93.525
93.075
92.275
95.825
93.025
92.675
91.575
90.875
93.95
92.75
94.15
91.775
91.325
90.75
90.675
93.85
92.525
95.425
92.825
93.6
91.85
90.975
92.975
92.175
92
92.25
95.875
91.875
91.675
93.125
92.025
93.05
93.25
90.725
92.875
93.8
92.125
92.75
93.275
92.125
92.3
90.175
92.3
91.675
91.95
95.55
92.05
92.6
90.5
92.95
91.8
LIRS:2000
9294.88
93.95
92.425
94.05
93.35
93.4
92.825
93
93.6
93.775
91.65
92.75
94.575
94.425
94.05
93.65
92.375
92.25
91.65
92.75
90.7
92.85
92.4
93.725
91.6
95.55
93.45
93.7
95.075
93.125
92.625
92.825
92.35
94.3
93.875
93.9
92.875
92.125
93.925
92.3
94.875
93.375
95.6
93.35
94.525
92.975
92.55
92.65
91.9
91.775
93.025
95.225
92.025
92.875
93.075
92.15
93.7
94.875
90.875
94.8
93.475
91.9
94.825
95.25
93.4
93.15
91.775
92.375
91.35
95.475
96.175
91.875
93.8
90.95
92.55
92.825
MMCLOCK
Clock Sweep
9185.83
91.4
91.675
92.525
91.6
92.625
91.575
93.375
93.65
92.65
90.2
89.425
92.1
93.525
92.7
92.825
91.375
91.275
92.925
92.025
90.3
92.4
90.825
92.025
90.075
93.925
91.875
91.55
96.25
92.95
92.175
91.25
90.575
94.075
91.9
93.475
91.225
90.925
90.625
90.875
92.95
91.275
95.225
92
90
90.85
89.95
92.3
91.375
91.525
91.45
95.95
91.1
91.475
92.225
90.25
92.675
93.2
89.975
92.05
93.725
90.45
90.75
92.225
91.225
90.475
89.05
92.575
90.625
91.475
95.075
91.4
92.575
90.3
92.225
91.675
ARC:2000
9270.1
92.2
92.3
94.25
92.775
93.325
92.7
92.975
93.175
93.4
91.475
92.475
94.075
94.225
94.05
93.225
91.9
91.025
91.65
92.9
90.9
93.05
91.325
93.625
91.175
95.475
93.275
92.25
95.125
93.025
92.625
92.5
91.975
93.825
92.975
93.5
92.775
91.825
93.025
92.25
94.625
93.275
95.425
92.85
93.325
92.525
92.6
92.475
91.675
91.725
93.05
95.125
91.925
92.6
92.85
92.1
93.6
95
90.775
94.725
93.125
91.625
92.7
94.7
93.15
93.225
91.5
92.3
91.475
95.05
95.975
92.075
93.55
90.85
92.45
92.5
EACLOCK
9224.27
92.15
91.7
93.325
92.05
92.6
91.9
92.275
92.875
92.075
90.625
91.7
92.9
92.75
93.125
92.425
91.375
90.075
91.4
91.725
89.775
91.375
90.85
92.225
90.775
94.325
91.675
91.25
91.95
92.725
92.275
90.6
90.325
92.3
92.35
92.875
91.875
91.025
91.175
90.35
91.95
91.775
94.425
91.975
90.45
91.075
90.025
92.1
91.55
91.375
91.5
92.975
90.8
91.4
92.15
90.75
91.9
92.825
90
92
92.025
90.525
91.725
92.9
91.575
90.875
89.5
90.575
90.5
92.2
92.125
90.875
91.925
89.9
92.05
92
EACLOCK-FDW
9224.27
92.15
91.7
93.325
92.05
92.6
91.9
92.275
92.875
92.075
90.625
91.7
92.9
92.75
93.125
92.425
91.375
90.075
91.4
91.725
89.775
91.375
90.85
92.225
90.775
94.325
91.675
91.25
91.95
92.725
92.275
90.6
90.325
92.3
92.35
92.875
91.875
91.025
91.175
90.35
91.95
91.775
94.425
91.975
90.45
91.075
90.025
92.1
91.55
91.375
91.5
92.975
90.8
91.4
92.15
90.75
91.9
92.825
90
92
92.025
90.525
91.725
92.9
91.575
90.875
89.5
90.575
90.5
92.2
92.125
90.875
91.925
89.9
92.05
92
EACLOCK-FWA
9212.85
92.125
91.65
93.15
91.85
92.65
92.075
92.25
92.675
92
90.675
90.8
92.45
92.15
92.625
92.425
91.55
90.075
91.575
91.375
89.85
91.675
90.7
91.75
90.65
94.3
91.5
90.875
91.575
92.775
92.3
90.375
90.05
92.175
91.775
92.75
91.625
91.1
90.975
90.425
91.925
91.375
94.3
91.95
89.925
90.825
89.95
92.225
91.5
91.4
91.225
92.375
90.625
90.975
92.325
90.3
91.175
92.525
90.1
91.15
92.05
90.125
90.7
91.675
91.2
90.65
89.5
90.675
90.15
91.275
91.65
90.675
90.9
89.375
92.1
91.45
2Q
9221.33
93.125
92.3
93.325
92.55
93.475
92.65
92.075
94.425
92.525
90.175
91.1
92.3
94.025
92.7
92.125
92.375
91.925
92.825
91.65
90.825
92.7
91.05
92.4
91.4
93.3
92.85
91.975
95.775
93.075
92.875
90.975
91.25
93.55
92.925
93.3
91.95
91.075
91.675
92
92.95
91.225
95.425
92.8
90.9
91.25
91.275
92.825
91.9
92.45
91.775
95.475
91.725
91.65
93.15
91.025
92.825
93.85
90.675
93.3
94.1
90.675
92.675
93.1
92.225
91.675
89.625
92.475
91.075
92.75
95.175
91.425
92.125
90.675
92.625
91.725
S3-FIFO
9210.8
92.3
92.275
93.7
92.9
93.275
92.65
93.95
94.4
93.375
90.85
91.5
92.125
93.975
93.275
92.25
92.375
92.1
93.4
91.975
90.975
92.975
91.675
92.675
91.025
93.525
93.075
92.275
95.825
93.025
92.675
91.575
90.875
93.95
92.75
94.15
91.775
91.325
90.75
90.675
93.85
92.525
95.425
92.825
93.6
91.85
90.975
92.975
92.175
92
92.25
95.875
91.875
91.675
93.125
92.025
93.05
93.25
90.725
92.875
93.8
92.125
92.75
93.275
92.125
92.3
90.175
92.3
91.675
91.95
95.55
92.05
92.6
90.5
92.95
91.8
LIRS:2000
9294.88
93.95
92.425
94.05
93.35
93.4
92.825
93
93.6
93.775
91.65
92.75
94.575
94.425
94.05
93.65
92.375
92.25
91.65
92.75
90.7
92.85
92.4
93.725
91.6
95.55
93.45
93.7
95.075
93.125
92.625
92.825
92.35
94.3
93.875
93.9
92.875
92.125
93.925
92.3
94.875
93.375
95.6
93.35
94.525
92.975
92.55
92.65
91.9
91.775
93.025
95.225
92.025
92.875
93.075
92.15
93.7
94.875
90.875
94.8
93.475
91.9
94.825
95.25
93.4
93.15
91.775
92.375
91.35
95.475
96.175
91.875
93.8
90.95
92.55
92.825
MMCLOCK
Clock Sweep
9185.83
91.4
91.675
92.525
91.6
92.625
91.575
93.375
93.65
92.65
90.2
89.425
92.1
93.525
92.7
92.825
91.375
91.275
92.925
92.025
90.3
92.4
90.825
92.025
90.075
93.925
91.875
91.55
96.25
92.95
92.175
91.25
90.575
94.075
91.9
93.475
91.225
90.925
90.625
90.875
92.95
91.275
95.225
92
90
90.85
89.95
92.3
91.375
91.525
91.45
95.95
91.1
91.475
92.225
90.25
92.675
93.2
89.975
92.05
93.725
90.45
90.75
92.225
91.225
90.475
89.05
92.575
90.625
91.475
95.075
91.4
92.575
90.3
92.225
91.675
ARC:2000
9270.1
92.2
92.3
94.25
92.775
93.325
92.7
92.975
93.175
93.4
91.475
92.475
94.075
94.225
94.05
93.225
91.9
91.025
91.65
92.9
90.9
93.05
91.325
93.625
91.175
95.475
93.275
92.25
95.125
93.025
92.625
92.5
91.975
93.825
92.975
93.5
92.775
91.825
93.025
92.25
94.625
93.275
95.425
92.85
93.325
92.525
92.6
92.475
91.675
91.725
93.05
95.125
91.925
92.6
92.85
92.1
93.6
95
90.775
94.725
93.125
91.625
92.7
94.7
93.15
93.225
91.5
92.3
91.475
95.05
95.975
92.075
93.55
90.85
92.45
92.5
EACLOCK
9224.27
92.15
91.7
93.325
92.05
92.6
91.9
92.275
92.875
92.075
90.625
91.7
92.9
92.75
93.125
92.425
91.375
90.075
91.4
91.725
89.775
91.375
90.85
92.225
90.775
94.325
91.675
91.25
91.95
92.725
92.275
90.6
90.325
92.3
92.35
92.875
91.875
91.025
91.175
90.35
91.95
91.775
94.425
91.975
90.45
91.075
90.025
92.1
91.55
91.375
91.5
92.975
90.8
91.4
92.15
90.75
91.9
92.825
90
92
92.025
90.525
91.725
92.9
91.575
90.875
89.5
90.575
90.5
92.2
92.125
90.875
91.925
89.9
92.05
92
EACLOCK-FDW
9224.27
92.15
91.7
93.325
92.05
92.6
91.9
92.275
92.875
92.075
90.625
91.7
92.9
92.75
93.125
92.425
91.375
90.075
91.4
91.725
89.775
91.375
90.85
92.225
90.775
94.325
91.675
91.25
91.95
92.725
92.275
90.6
90.325
92.3
92.35
92.875
91.875
91.025
91.175
90.35
91.95
91.775
94.425
91.975
90.45
91.075
90.025
92.1
91.55
91.375
91.5
92.975
90.8
91.4
92.15
90.75
91.9
92.825
90
92
92.025
90.525
91.725
92.9
91.575
90.875
89.5
90.575
90.5
92.2
92.125
90.875
91.925
89.9
92.05
92
EACLOCK-FWA
9212.85
92.125
91.65
93.15
91.85
92.65
92.075
92.25
92.675
92
90.675
90.8
92.45
92.15
92.625
92.425
91.55
90.075
91.575
91.375
89.85
91.675
90.7
91.75
90.65
94.3
91.5
90.875
91.575
92.775
92.3
90.375
90.05
92.175
91.775
92.75
91.625
91.1
90.975
90.425
91.925
91.375
94.3
91.95
89.925
90.825
89.95
92.225
91.5
91.4
91.225
92.375
90.625
90.975
92.325
90.3
91.175
92.525
90.1
91.15
92.05
90.125
90.7
91.675
91.2
90.65
89.5
90.675
90.15
91.275
91.65
90.675
90.9
89.375
92.1
91.45
2Q
9221.33
93.125
92.3
93.325
92.55
93.475
92.65
92.075
94.425
92.525
90.175
91.1
92.3
94.025
92.7
92.125
92.375
91.925
92.825
91.65
90.825
92.7
91.05
92.4
91.4
93.3
92.85
91.975
95.775
93.075
92.875
90.975
91.25
93.55
92.925
93.3
91.95
91.075
91.675
92
92.95
91.225
95.425
92.8
90.9
91.25
91.275
92.825
91.9
92.45
91.775
95.475
91.725
91.65
93.15
91.025
92.825
93.85
90.675
93.3
94.1
90.675
92.675
93.1
92.225
91.675
89.625
92.475
91.075
92.75
95.175
91.425
92.125
90.675
92.625
91.725
S3-FIFO
9210.8
92.3
92.275
93.7
92.9
93.275
92.65
93.95
94.4
93.375
90.85
91.5
92.125
93.975
93.275
92.25
92.375
92.1
93.4
91.975
90.975
92.975
91.675
92.675
91.025
93.525
93.075
92.275
95.825
93.025
92.675
91.575
90.875
93.95
92.75
94.15
91.775
91.325
90.75
90.675
93.85
92.525
95.425
92.825
93.6
91.85
90.975
92.975
92.175
92
92.25
95.875
91.875
91.675
93.125
92.025
93.05
93.25
90.725
92.875
93.8
92.125
92.75
93.275
92.125
92.3
90.175
92.3
91.675
91.95
95.55
92.05
92.6
90.5
92.95
91.8
LIRS:2000
9294.88
93.95
92.425
94.05
93.35
93.4
92.825
93
93.6
93.775
91.65
92.75
94.575
94.425
94.05
93.65
92.375
92.25
91.65
92.75
90.7
92.85
92.4
93.725
91.6
95.55
93.45
93.7
95.075
93.125
92.625
92.825
92.35
94.3
93.875
93.9
92.875
92.125
93.925
92.3
94.875
93.375
95.6
93.35
94.525
92.975
92.55
92.65
91.9
91.775
93.025
95.225
92.025
92.875
93.075
92.15
93.7
94.875
90.875
94.8
93.475
91.9
94.825
95.25
93.4
93.15
91.775
92.375
91.35
95.475
96.175
91.875
93.8
90.95
92.55
92.825
MMCLOCK
Clock Sweep
9185.83
91.4
91.675
92.525
91.6
92.625
91.575
93.375
93.65
92.65
90.2
89.425
92.1
93.525
92.7
92.825
91.375
91.275
92.925
92.025
90.3
92.4
90.825
92.025
90.075
93.925
91.875
91.55
96.25
92.95
92.175
91.25
90.575
94.075
91.9
93.475
91.225
90.925
90.625
90.875
92.95
91.275
95.225
92
90
90.85
89.95
92.3
91.375
91.525
91.45
95.95
91.1
91.475
92.225
90.25
92.675
93.2
89.975
92.05
93.725
90.45
90.75
92.225
91.225
90.475
89.05
92.575
90.625
91.475
95.075
91.4
92.575
90.3
92.225
91.675
ARC:2000
9270.1
92.2
92.3
94.25
92.775
93.325
92.7
92.975
93.175
93.4
91.475
92.475
94.075
94.225
94.05
93.225
91.9
91.025
91.65
92.9
90.9
93.05
91.325
93.625
91.175
95.475
93.275
92.25
95.125
93.025
92.625
92.5
91.975
93.825
92.975
93.5
92.775
91.825
93.025
92.25
94.625
93.275
95.425
92.85
93.325
92.525
92.6
92.475
91.675
91.725
93.05
95.125
91.925
92.6
92.85
92.1
93.6
95
90.775
94.725
93.125
91.625
92.7
94.7
93.15
93.225
91.5
92.3
91.475
95.05
95.975
92.075
93.55
90.85
92.45
92.5
EACLOCK
9224.27
92.15
91.7
93.325
92.05
92.6
91.9
92.275
92.875
92.075
90.625
91.7
92.9
92.75
93.125
92.425
91.375
90.075
91.4
91.725
89.775
91.375
90.85
92.225
90.775
94.325
91.675
91.25
91.95
92.725
92.275
90.6
90.325
92.3
92.35
92.875
91.875
91.025
91.175
90.35
91.95
91.775
94.425
91.975
90.45
91.075
90.025
92.1
91.55
91.375
91.5
92.975
90.8
91.4
92.15
90.75
91.9
92.825
90
92
92.025
90.525
91.725
92.9
91.575
90.875
89.5
90.575
90.5
92.2
92.125
90.875
91.925
89.9
92.05
92
EACLOCK-FDW
9224.27
92.15
91.7
93.325
92.05
92.6
91.9
92.275
92.875
92.075
90.625
91.7
92.9
92.75
93.125
92.425
91.375
90.075
91.4
91.725
89.775
91.375
90.85
92.225
90.775
94.325
91.675
91.25
91.95
92.725
92.275
90.6
90.325
92.3
92.35
92.875
91.875
91.025
91.175
90.35
91.95
91.775
94.425
91.975
90.45
91.075
90.025
92.1
91.55
91.375
91.5
92.975
90.8
91.4
92.15
90.75
91.9
92.825
90
92
92.025
90.525
91.725
92.9
91.575
90.875
89.5
90.575
90.5
92.2
92.125
90.875
91.925
89.9
92.05
92
EACLOCK-FWA
9212.85
92.125
91.65
93.15
91.85
92.65
92.075
92.25
92.675
92
90.675
90.8
92.45
92.15
92.625
92.425
91.55
90.075
91.575
91.375
89.85
91.675
90.7
91.75
90.65
94.3
91.5
90.875
91.575
92.775
92.3
90.375
90.05
92.175
91.775
92.75
91.625
91.1
90.975
90.425
91.925
91.375
94.3
91.95
89.925
90.825
89.95
92.225
91.5
91.4
91.225
92.375
90.625
90.975
92.325
90.3
91.175
92.525
90.1
91.15
92.05
90.125
90.7
91.675
91.2
90.65
89.5
90.675
90.15
91.275
91.65
90.675
90.9
89.375
92.1
91.45
2Q
9221.33
93.125
92.3
93.325
92.55
93.475
92.65
92.075
94.425
92.525
90.175
91.1
92.3
94.025
92.7
92.125
92.375
91.925
92.825
91.65
90.825
92.7
91.05
92.4
91.4
93.3
92.85
91.975
95.775
93.075
92.875
90.975
91.25
93.55
92.925
93.3
91.95
91.075
91.675
92
92.95
91.225
95.425
92.8
90.9
91.25
91.275
92.825
91.9
92.45
91.775
95.475
91.725
91.65
93.15
91.025
92.825
93.85
90.675
93.3
94.1
90.675
92.675
93.1
92.225
91.675
89.625
92.475
91.075
92.75
95.175
91.425
92.125
90.675
92.625
91.725
S3-FIFO
9210.8
92.3
92.275
93.7
92.9
93.275
92.65
93.95
94.4
93.375
90.85
91.5
92.125
93.975
93.275
92.25
92.375
92.1
93.4
91.975
90.975
92.975
91.675
92.675
91.025
93.525
93.075
92.275
95.825
93.025
92.675
91.575
90.875
93.95
92.75
94.15
91.775
91.325
90.75
90.675
93.85
92.525
95.425
92.825
93.6
91.85
90.975
92.975
92.175
92
92.25
95.875
91.875
91.675
93.125
92.025
93.05
93.25
90.725
92.875
93.8
92.125
92.75
93.275
92.125
92.3
90.175
92.3
91.675
91.95
95.55
92.05
92.6
90.5
92.95
91.8
LIRS:2000
9294.88
93.95
92.425
94.05
93.35
93.4
92.825
93
93.6
93.775
91.65
92.75
94.575
94.425
94.05
93.65
92.375
92.25
91.65
92.75
90.7
92.85
92.4
93.725
91.6
95.55
93.45
93.7
95.075
93.125
92.625
92.825
92.35
94.3
93.875
93.9
92.875
92.125
93.925
92.3
94.875
93.375
95.6
93.35
94.525
92.975
92.55
92.65
91.9
91.775
93.025
95.225
92.025
92.875
93.075
92.15
93.7
94.875
90.875
94.8
93.475
91.9
94.825
95.25
93.4
93.15
91.775
92.375
91.35
95.475
96.175
91.875
93.8
90.95
92.55
92.825
MMCLOCK
Clock Sweep
9185.83
91.4
91.675
92.525
91.6
92.625
91.575
93.375
93.65
92.65
90.2
89.425
92.1
93.525
92.7
92.825
91.375
91.275
92.925
92.025
90.3
92.4
90.825
92.025
90.075
93.925
91.875
91.55
96.25
92.95
92.175
91.25
90.575
94.075
91.9
93.475
91.225
90.925
90.625
90.875
92.95
91.275
95.225
92
90
90.85
89.95
92.3
91.375
91.525
91.45
95.95
91.1
91.475
92.225
90.25
92.675
93.2
89.975
92.05
93.725
90.45
90.75
92.225
91.225
90.475
89.05
92.575
90.625
91.475
95.075
91.4
92.575
90.3
92.225
91.675
ARC:2000
9270.1
92.2
92.3
94.25
92.775
93.325
92.7
92.975
93.175
93.4
91.475
92.475
94.075
94.225
94.05
93.225
91.9
91.025
91.65
92.9
90.9
93.05
91.325
93.625
91.175
95.475
93.275
92.25
95.125
93.025
92.625
92.5
91.975
93.825
92.975
93.5
92.775
91.825
93.025
92.25
94.625
93.275
95.425
92.85
93.325
92.525
92.6
92.475
91.675
91.725
93.05
95.125
91.925
92.6
92.85
92.1
93.6
95
90.775
94.725
93.125
91.625
92.7
94.7
93.15
93.225
91.5
92.3
91.475
95.05
95.975
92.075
93.55
90.85
92.45
92.5
EACLOCK
9224.27
92.15
91.7
93.325
92.05
92.6
91.9
92.275
92.875
92.075
90.625
91.7
92.9
92.75
93.125
92.425
91.375
90.075
91.4
91.725
89.775
91.375
90.85
92.225
90.775
94.325
91.675
91.25
91.95
92.725
92.275
90.6
90.325
92.3
92.35
92.875
91.875
91.025
91.175
90.35
91.95
91.775
94.425
91.975
90.45
91.075
90.025
92.1
91.55
91.375
91.5
92.975
90.8
91.4
92.15
90.75
91.9
92.825
90
92
92.025
90.525
91.725
92.9
91.575
90.875
89.5
90.575
90.5
92.2
92.125
90.875
91.925
89.9
92.05
92
EACLOCK-FDW
9224.27
92.15
91.7
93.325
92.05
92.6
91.9
92.275
92.875
92.075
90.625
91.7
92.9
92.75
93.125
92.425
91.375
90.075
91.4
91.725
89.775
91.375
90.85
92.225
90.775
94.325
91.675
91.25
91.95
92.725
92.275
90.6
90.325
92.3
92.35
92.875
91.875
91.025
91.175
90.35
91.95
91.775
94.425
91.975
90.45
91.075
90.025
92.1
91.55
91.375
91.5
92.975
90.8
91.4
92.15
90.75
91.9
92.825
90
92
92.025
90.525
91.725
92.9
91.575
90.875
89.5
90.575
90.5
92.2
92.125
90.875
91.925
89.9
92.05
92
EACLOCK-FWA
9212.85
92.125
91.65
93.15
91.85
92.65
92.075
92.25
92.675
92
90.675
90.8
92.45
92.15
92.625
92.425
91.55
90.075
91.575
91.375
89.85
91.675
90.7
91.75
90.65
94.3
91.5
90.875
91.575
92.775
92.3
90.375
90.05
92.175
91.775
92.75
91.625
91.1
90.975
90.425
91.925
91.375
94.3
91.95
89.925
90.825
89.95
92.225
91.5
91.4
91.225
92.375
90.625
90.975
92.325
90.3
91.175
92.525
90.1
91.15
92.05
90.125
90.7
91.675
91.2
90.65
89.5
90.675
90.15
91.275
91.65
90.675
90.9
89.375
92.1
91.45
2Q
9221.33
93.125
92.3
93.325
92.55
93.475
92.65
92.075
94.425
92.525
90.175
91.1
92.3
94.025
92.7
92.125
92.375
91.925
92.825
91.65
90.825
92.7
91.05
92.4
91.4
93.3
92.85
91.975
95.775
93.075
92.875
90.975
91.25
93.55
92.925
93.3
91.95
91.075
91.675
92
92.95
91.225
95.425
92.8
90.9
91.25
91.275
92.825
91.9
92.45
91.775
95.475
91.725
91.65
93.15
91.025
92.825
93.85
90.675
93.3
94.1
90.675
92.675
93.1
92.225
91.675
89.625
92.475
91.075
92.75
95.175
91.425
92.125
90.675
92.625
91.725
S3-FIFO
9210.8
92.3
92.275
93.7
92.9
93.275
92.65
93.95
94.4
93.375
90.85
91.5
92.125
93.975
93.275
92.25
92.375
92.1
93.4
91.975
90.975
92.975
91.675
92.675
91.025
93.525
93.075
92.275
95.825
93.025
92.675
91.575
90.875
93.95
92.75
94.15
91.775
91.325
90.75
90.675
93.85
92.525
95.425
92.825
93.6
91.85
90.975
92.975
92.175
92
92.25
95.875
91.875
91.675
93.125
92.025
93.05
93.25
90.725
92.875
93.8
92.125
92.75
93.275
92.125
92.3
90.175
92.3
91.675
91.95
95.55
92.05
92.6
90.5
92.95
91.8
LIRS:2000
9294.88
93.95
92.425
94.05
93.35
93.4
92.825
93
93.6
93.775
91.65
92.75
94.575
94.425
94.05
93.65
92.375
92.25
91.65
92.75
90.7
92.85
92.4
93.725
91.6
95.55
93.45
93.7
95.075
93.125
92.625
92.825
92.35
94.3
93.875
93.9
92.875
92.125
93.925
92.3
94.875
93.375
95.6
93.35
94.525
92.975
92.55
92.65
91.9
91.775
93.025
95.225
92.025
92.875
93.075
92.15
93.7
94.875
90.875
94.8
93.475
91.9
94.825
95.25
93.4
93.15
91.775
92.375
91.35
95.475
96.175
91.875
93.8
90.95
92.55
92.825
MMCLOCK
Clock Sweep
9185.83
91.4
91.675
92.525
91.6
92.625
91.575
93.375
93.65
92.65
90.2
89.425
92.1
93.525
92.7
92.825
91.375
91.275
92.925
92.025
90.3
92.4
90.825
92.025
90.075
93.925
91.875
91.55
96.25
92.95
92.175
91.25
90.575
94.075
91.9
93.475
91.225
90.925
90.625
90.875
92.95
91.275
95.225
92
90
90.85
89.95
92.3
91.375
91.525
91.45
95.95
91.1
91.475
92.225
90.25
92.675
93.2
89.975
92.05
93.725
90.45
90.75
92.225
91.225
90.475
89.05
92.575
90.625
91.475
95.075
91.4
92.575
90.3
92.225
91.675
ARC:2000
9270.1
92.2
92.3
94.25
92.775
93.325
92.7
92.975
93.175
93.4
91.475
92.475
94.075
94.225
94.05
93.225
91.9
91.025
91.65
92.9
90.9
93.05
91.325
93.625
91.175
95.475
93.275
92.25
95.125
93.025
92.625
92.5
91.975
93.825
92.975
93.5
92.775
91.825
93.025
92.25
94.625
93.275
95.425
92.85
93.325
92.525
92.6
92.475
91.675
91.725
93.05
95.125
91.925
92.6
92.85
92.1
93.6
95
90.775
94.725
93.125
91.625
92.7
94.7
93.15
93.225
91.5
92.3
91.475
95.05
95.975
92.075
93.55
90.85
92.45
92.5
EACLOCK
9224.27
92.15
91.7
93.325
92.05
92.6
91.9
92.275
92.875
92.075
90.625
91.7
92.9
92.75
93.125
92.425
91.375
90.075
91.4
91.725
89.775
91.375
90.85
92.225
90.775
94.325
91.675
91.25
91.95
92.725
92.275
90.6
90.325
92.3
92.35
92.875
91.875
91.025
91.175
90.35
91.95
91.775
94.425
91.975
90.45
91.075
90.025
92.1
91.55
91.375
91.5
92.975
90.8
91.4
92.15
90.75
91.9
92.825
90
92
92.025
90.525
91.725
92.9
91.575
90.875
89.5
90.575
90.5
92.2
92.125
90.875
91.925
89.9
92.05
92
EACLOCK-FDW
9224.27
92.15
91.7
93.325
92.05
92.6
91.9
92.275
92.875
92.075
90.625
91.7
92.9
92.75
93.125
92.425
91.375
90.075
91.4
91.725
89.775
91.375
90.85
92.225
90.775
94.325
91.675
91.25
91.95
92.725
92.275
90.6
90.325
92.3
92.35
92.875
91.875
91.025
91.175
90.35
91.95
91.775
94.425
91.975
90.45
91.075
90.025
92.1
91.55
91.375
91.5
92.975
90.8
91.4
92.15
90.75
91.9
92.825
90
92
92.025
90.525
91.725
92.9
91.575
90.875
89.5
90.575
90.5
92.2
92.125
90.875
91.925
89.9
92.05
92
EACLOCK-FWA
9212.85
92.125
91.65
93.15
91.85
92.65
92.075
92.25
92.675
92
90.675
90.8
92.45
92.15
92.625
92.425
91.55
90.075
91.575
91.375
89.85
91.675
90.7
91.75
90.65
94.3
91.5
90.875
91.575
92.775
92.3
90.375
90.05
92.175
91.775
92.75
91.625
91.1
90.975
90.425
91.925
91.375
94.3
91.95
89.925
90.825
89.95
92.225
91.5
91.4
91.225
92.375
90.625
90.975
92.325
90.3
91.175
92.525
90.1
91.15
92.05
90.125
90.7
91.675
91.2
90.65
89.5
90.675
90.15
91.275
91.65
90.675
90.9
89.375
92.1
91.45
2Q
9221.33
93.125
92.3
93.325
92.55
93.475
92.65
92.075
94.425
92.525
90.175
91.1
92.3
94.025
92.7
92.125
92.375
91.925
92.825
91.65
90.825
92.7
91.05
92.4
91.4
93.3
92.85
91.975
95.775
93.075
92.875
90.975
91.25
93.55
92.925
93.3
91.95
91.075
91.675
92
92.95
91.225
95.425
92.8
90.9
91.25
91.275
92.825
91.9
92.45
91.775
95.475
91.725
91.65
93.15
91.025
92.825
93.85
90.675
93.3
94.1
90.675
92.675
93.1
92.225
91.675
89.625
92.475
91.075
92.75
95.175
91.425
92.125
90.675
92.625
91.725
S3-FIFO
9210.8
92.3
92.275
93.7
92.9
93.275
92.65
93.95
94.4
93.375
90.85
91.5
92.125
93.975
93.275
92.25
92.375
92.1
93.4
91.975
90.975
92.975
91.675
92.675
91.025
93.525
93.075
92.275
95.825
93.025
92.675
91.575
90.875
93.95
92.75
94.15
91.775
91.325
90.75
90.675
93.85
92.525
95.425
92.825
93.6
91.85
90.975
92.975
92.175
92
92.25
95.875
91.875
91.675
93.125
92.025
93.05
93.25
90.725
92.875
93.8
92.125
92.75
93.275
92.125
92.3
90.175
92.3
91.675
91.95
95.55
92.05
92.6
90.5
92.95
91.8
LIRS:2000
9294.88
93.95
92.425
94.05
93.35
93.4
92.825
93
93.6
93.775
91.65
92.75
94.575
94.425
94.05
93.65
92.375
92.25
91.65
92.75
90.7
92.85
92.4
93.725
91.6
95.55
93.45
93.7
95.075
93.125
92.625
92.825
92.35
94.3
93.875
93.9
92.875
92.125
93.925
92.3
94.875
93.375
95.6
93.35
94.525
92.975
92.55
92.65
91.9
91.775
93.025
95.225
92.025
92.875
93.075
92.15
93.7
94.875
90.875
94.8
93.475
91.9
94.825
95.25
93.4
93.15
91.775
92.375
91.35
95.475
96.175
91.875
93.8
90.95
92.55
92.825
MMCLOCK
Clock Sweep
9185.83
91.4
91.675
92.525
91.6
92.625
91.575
93.375
93.65
92.65
90.2
89.425
92.1
93.525
92.7
92.825
91.375
91.275
92.925
92.025
90.3
92.4
90.825
92.025
90.075
93.925
91.875
91.55
96.25
92.95
92.175
91.25
90.575
94.075
91.9
93.475
91.225
90.925
90.625
90.875
92.95
91.275
95.225
92
90
90.85
89.95
92.3
91.375
91.525
91.45
95.95
91.1
91.475
92.225
90.25
92.675
93.2
89.975
92.05
93.725
90.45
90.75
92.225
91.225
90.475
89.05
92.575
90.625
91.475
95.075
91.4
92.575
90.3
92.225
91.675
ARC:2000
9270.1
92.2
92.3
94.25
92.775
93.325
92.7
92.975
93.175
93.4
91.475
92.475
94.075
94.225
94.05
93.225
91.9
91.025
91.65
92.9
90.9
93.05
91.325
93.625
91.175
95.475
93.275
92.25
95.125
93.025
92.625
92.5
91.975
93.825
92.975
93.5
92.775
91.825
93.025
92.25
94.625
93.275
95.425
92.85
93.325
92.525
92.6
92.475
91.675
91.725
93.05
95.125
91.925
92.6
92.85
92.1
93.6
95
90.775
94.725
93.125
91.625
92.7
94.7
93.15
93.225
91.5
92.3
91.475
95.05
95.975
92.075
93.55
90.85
92.45
92.5
EACLOCK
9224.27
92.15
91.7
93.325
92.05
92.6
91.9
92.275
92.875
92.075
90.625
91.7
92.9
92.75
93.125
92.425
91.375
90.075
91.4
91.725
89.775
91.375
90.85
92.225
90.775
94.325
91.675
91.25
91.95
92.725
92.275
90.6
90.325
92.3
92.35
92.875
91.875
91.025
91.175
90.35
91.95
91.775
94.425
91.975
90.45
91.075
90.025
92.1
91.55
91.375
91.5
92.975
90.8
91.4
92.15
90.75
91.9
92.825
90
92
92.025
90.525
91.725
92.9
91.575
90.875
89.5
90.575
90.5
92.2
92.125
90.875
91.925
89.9
92.05
92
EACLOCK-FDW
9224.27
92.15
91.7
93.325
92.05
92.6
91.9
92.275
92.875
92.075
90.625
91.7
92.9
92.75
93.125
92.425
91.375
90.075
91.4
91.725
89.775
91.375
90.85
92.225
90.775
94.325
91.675
91.25
91.95
92.725
92.275
90.6
90.325
92.3
92.35
92.875
91.875
91.025
91.175
90.35
91.95
91.775
94.425
91.975
90.45
91.075
90.025
92.1
91.55
91.375
91.5
92.975
90.8
91.4
92.15
90.75
91.9
92.825
90
92
92.025
90.525
91.725
92.9
91.575
90.875
89.5
90.575
90.5
92.2
92.125
90.875
91.925
89.9
92.05
92
EACLOCK-FWA
9212.85
92.125
91.65
93.15
91.85
92.65
92.075
92.25
92.675
92
90.675
90.8
92.45
92.15
92.625
92.425
91.55
90.075
91.575
91.375
89.85
91.675
90.7
91.75
90.65
94.3
91.5
90.875
91.575
92.775
92.3
90.375
90.05
92.175
91.775
92.75
91.625
91.1
90.975
90.425
91.925
91.375
94.3
91.95
89.925
90.825
89.95
92.225
91.5
91.4
91.225
92.375
90.625
90.975
92.325
90.3
91.175
92.525
90.1
91.15
92.05
90.125
90.7
91.675
91.2
90.65
89.5
90.675
90.15
91.275
91.65
90.675
90.9
89.375
92.1
91.45
2Q
9221.33
93.125
92.3
93.325
92.55
93.475
92.65
92.075
94.425
92.525
90.175
91.1
92.3
94.025
92.7
92.125
92.375
91.925
92.825
91.65
90.825
92.7
91.05
92.4
91.4
93.3
92.85
91.975
95.775
93.075
92.875
90.975
91.25
93.55
92.925
93.3
91.95
91.075
91.675
92
92.95
91.225
95.425
92.8
90.9
91.25
91.275
92.825
91.9
92.45
91.775
95.475
91.725
91.65
93.15
91.025
92.825
93.85
90.675
93.3
94.1
90.675
92.675
93.1
92.225
91.675
89.625
92.475
91.075
92.75
95.175
91.425
92.125
90.675
92.625
91.725
S3-FIFO
9210.8
92.3
92.275
93.7
92.9
93.275
92.65
93.95
94.4
93.375
90.85
91.5
92.125
93.975
93.275
92.25
92.375
92.1
93.4
91.975
90.975
92.975
91.675
92.675
91.025
93.525
93.075
92.275
95.825
93.025
92.675
91.575
90.875
93.95
92.75
94.15
91.775
91.325
90.75
90.675
93.85
92.525
95.425
92.825
93.6
91.85
90.975
92.975
92.175
92
92.25
95.875
91.875
91.675
93.125
92.025
93.05
93.25
90.725
92.875
93.8
92.125
92.75
93.275
92.125
92.3
90.175
92.3
91.675
91.95
95.55
92.05
92.6
90.5
92.95
91.8
LIRS:2000
9294.88
93.95
92.425
94.05
93.35
93.4
92.825
93
93.6
93.775
91.65
92.75
94.575
94.425
94.05
93.65
92.375
92.25
91.65
92.75
90.7
92.85
92.4
93.725
91.6
95.55
93.45
93.7
95.075
93.125
92.625
92.825
92.35
94.3
93.875
93.9
92.875
92.125
93.925
92.3
94.875
93.375
95.6
93.35
94.525
92.975
92.55
92.65
91.9
91.775
93.025
95.225
92.025
92.875
93.075
92.15
93.7
94.875
90.875
94.8
93.475
91.9
94.825
95.25
93.4
93.15
91.775
92.375
91.35
95.475
96.175
91.875
93.8
90.95
92.55
92.825
MMCLOCK
Clock Sweep
9185.83
91.4
91.675
92.525
91.6
92.625
91.575
93.375
93.65
92.65
90.2
89.425
92.1
93.525
92.7
92.825
91.375
91.275
92.925
92.025
90.3
92.4
90.825
92.025
90.075
93.925
91.875
91.55
96.25
92.95
92.175
91.25
90.575
94.075
91.9
93.475
91.225
90.925
90.625
90.875
92.95
91.275
95.225
92
90
90.85
89.95
92.3
91.375
91.525
91.45
95.95
91.1
91.475
92.225
90.25
92.675
93.2
89.975
92.05
93.725
90.45
90.75
92.225
91.225
90.475
89.05
92.575
90.625
91.475
95.075
91.4
92.575
90.3
92.225
91.675
ARC:2000
9270.1
92.2
92.3
94.25
92.775
93.325
92.7
92.975
93.175
93.4
91.475
92.475
94.075
94.225
94.05
93.225
91.9
91.025
91.65
92.9
90.9
93.05
91.325
93.625
91.175
95.475
93.275
92.25
95.125
93.025
92.625
92.5
91.975
93.825
92.975
93.5
92.775
91.825
93.025
92.25
94.625
93.275
95.425
92.85
93.325
92.525
92.6
92.475
91.675
91.725
93.05
95.125
91.925
92.6
92.85
92.1
93.6
95
90.775
94.725
93.125
91.625
92.7
94.7
93.15
93.225
91.5
92.3
91.475
95.05
95.975
92.075
93.55
90.85
92.45
92.5
EACLOCK
9045.38
90.125
86.4
85.05
91.475
84.625
92.875
91.525
87.25
84.1
90.9
89.025
84.975
90.925
88.775
85
89.1
91.95
93.3
84.775
91.75
90.2
90.575
89.775
91.85
92.35
92.375
86.6
88.4
91.9
91.35
93.675
92.05
88.325
78.5
84.8
91.275
92.175
91.05
91.4
89.15
89.95
92.825
87.175
93.75
92.475
87.575
92.725
93.9
88.825
93
89.125
90.025
92.65
91.35
92.05
88.85
93.1
90.475
91.725
92.25
93.55
91.875
92.2
92.675
91.575
86.05
91.775
88.95
91.975
89.225
85.65
89.025
90.575
92.625
88.85
EACLOCK-FDW
9050.6
90.275
86.35
85.025
91.375
84.475
93.025
91.775
87.15
84.1
91.025
89.125
85.075
91.025
88.85
85.1
89.125
91.8
93.15
84.675
92.05
90.2
90.525
89.725
91.575
92.45
92.35
86.625
88.525
91.825
91.4
93.85
91.85
88.65
78.85
85
91.325
92.55
91.2
91.7
89.675
89.725
93.125
86.95
93.825
93
87.85
92.9
93.925
89.3
92.875
89
90.025
92.7
91.825
92.225
89.025
93.25
90.475
91.9
92.275
93.675
92.025
92.575
92.7
91.9
86.1
91.625
88.925
92.125
89.3
85.55
89.175
90.4
92.65
88.8
EACLOCK-FWA
9045.67
90.175
86.425
84.975
91.475
84.6
92.9
91.6
87.25
84.1
90.85
88.975
85.025
90.975
88.8
85
89.1
92.05
93.325
84.85
91.775
90.2
90.575
89.75
91.825
92.275
92.35
86.55
88.4
91.9
91.375
93.725
92.075
88.3
78.475
84.825
91.325
92.2
91.1
91.4
89.075
89.95
92.875
87.2
93.75
92.475
87.575
92.725
93.95
88.9
92.975
89.125
90
92.675
91.375
92.075
88.925
93.15
90.5
91.725
92.25
93.575
91.825
92.225
92.575
91.575
86
91.625
88.925
91.95
89.25
85.675
89.1
90.6
92.725
88.9
2Q
9102.9
90.425
86.8
85.25
93.3
84.8
93.875
92.1
88.225
84.875
91.35
90.175
86.625
91.425
90.15
85.65
90.3
94.8
94.5
85.325
94.525
91.3
92.275
90.45
93.65
92.975
92.625
88.075
88.6
93.2
91.8
94.175
93.775
90.075
80.275
86.925
91.925
93.45
92.175
92.975
90.8
90.35
93.625
88.375
94.725
94.375
88.975
93.575
95.2
89.975
93.275
90.75
91.225
94.925
92.5
92.8
89.325
94.825
90.875
93.025
94.2
93.75
92.3
95.625
93
92.15
87
92.3
91.6
92.45
89.65
87.075
90
91.075
94.15
89.475
S3-FIFO
9041.3
90.025
85.8
84.8
91.575
84.1
92.525
91.625
87.15
84.175
90.625
89.025
84.975
90.725
88.65
85.075
88.675
92.05
93
84.575
92.5
90.05
90.325
89.5
91.8
92.45
92.05
86.7
88.325
92.075
91.2
93.775
91.9
88.375
78.4
85.225
91.2
92.475
90.95
91.725
89.35
89.5
92.725
87.025
93.725
92.525
87.35
92.6
93.9
89
92.775
89.25
89.725
92.85
91.625
91.8
88.575
93.225
90.15
91.825
92.375
93.65
92.05
93.275
92.8
91.6
86.025
91.325
89.4
92.1
89.025
85.675
88.825
90.2
92.7
88.5
LIRS:2000
9066.12
90.425
86.35
85.05
92.1
84.325
92.925
91.725
87.525
84.2
90.9
89.05
85.275
90.85
89.15
85.25
89.275
92.125
93.075
84.725
92.425
90.425
91
89.85
92.25
92.25
92.375
87.25
88.65
92.675
91.6
94
92.625
89.1
78.9
85.675
91.325
92.55
91.125
91.85
89.7
89.7
92.975
87.1
93.85
92.875
87.55
93
94.125
89.325
92.95
89.55
90.05
93.25
92.125
92.15
89.2
93.65
90.625
92.525
93
93.725
92.275
94.35
92.9
92
86.275
91.575
89.85
92.35
89.275
85.95
89.225
90.45
92.775
88.875
MMCLOCK
Clock Sweep
9049.3
89.775
86.075
84.575
91.225
84.275
92.7
91.275
87.3
84.475
90.475
89.125
84.675
90.725
88.675
84.8
88.9
92.05
92.975
84.75
92.125
90.225
90.725
89.7
91.85
92.45
92.3
86.475
88.225
91.575
91.2
93.8
92.35
88.7
79
84.725
91.275
92.25
91.45
91.9
89.475
89.7
92.925
86.975
93.825
92.875
87.7
92.9
93.85
89.4
92.85
88.875
90.175
93.075
92.025
91.575
88.8
93.175
90.45
92.05
92.15
93.55
91.85
93.425
92.3
91.625
86.3
91.375
88.9
91.925
89.175
85.55
88.75
90.225
92.625
88.725
ARC:2000
9067.5
90
86.1
84.575
91.75
84.4
92.6
91.5
87.5
84.325
90.65
89.25
85.325
90.925
89.025
85.2
89.375
92.675
92.9
84.75
93.275
90.45
90.9
89.675
92.6
92.55
92.3
86.8
88.45
92.3
91.325
94.125
92.325
89.25
78.975
85.1
91.25
92.45
91.375
91.875
89.5
89.65
93.075
87
93.975
93.025
87.6
93.275
94.275
89.75
92.875
89.175
90.225
93.425
92.175
91.65
88.825
93.8
90.475
92.05
92.95
93.55
92.05
94.6
92.325
91.8
86.5
91.375
89.125
92.15
89.25
85.425
88.925
90.25
92.725
88.85
EACLOCK
7384.7
75.475
74.225
76.4
74.625
74.4
74.05
73.6
74.675
73.675
75.05
75.8
75.025
76.25
74.85
74.65
74.425
74.825
74.575
75.7
74.625
73.575
74.4
73.775
74.6
74.725
74.55
74.975
76.725
76.875
75.475
75.525
75.65
74.35
73.9
74.55
74.025
74.875
73.575
75.7
75.975
74
74.525
76.025
75.05
76
74.6
75.45
76.525
76.15
74.525
74.15
74.025
75.275
75.25
74.15
74.875
74.9
73.975
75.75
74.25
75.55
74.725
74.475
76.2
75.9
75.725
74.475
75.95
74.775
76.15
75.625
75.65
74.525
76.225
75.1
EACLOCK-FDW
7384.7
75.475
74.225
76.4
74.625
74.4
74.05
73.6
74.675
73.675
75.05
75.8
75.025
76.25
74.85
74.65
74.425
74.825
74.575
75.7
74.625
73.575
74.4
73.775
74.6
74.725
74.55
74.975
76.725
76.875
75.475
75.525
75.65
74.35
73.9
74.55
74.025
74.875
73.575
75.7
75.975
74
74.525
76.025
75.05
76
74.6
75.45
76.525
76.15
74.525
74.15
74.025
75.275
75.25
74.15
74.875
74.9
73.975
75.75
74.25
75.55
74.725
74.475
76.2
75.9
75.725
74.475
75.95
74.775
76.15
75.625
75.65
74.525
76.225
75.1
EACLOCK-FWA
7375.05
75.6
74.175
76.275
74.95
74.35
74.1
73.7
74.65
73.65
75.025
75.975
75.175
76.225
75
74.5
74.3
75.075
74.675
75.625
74.525
73.575
74.575
73.975
74.7
74.9
74.35
74.975
76.725
76.825
75.5
75.6
75.6
74.225
74.05
74.55
74.125
74.85
73.6
75.475
75.75
74.075
74.55
75.95
75.075
75.95
74.65
75.425
76.55
76.075
74.35
74.25
73.975
75.05
75.125
74.15
74.8
74.725
74.125
75.725
74.35
75.35
74.975
74.6
76.1
76.025
75.7
74.475
76
74.6
76.2
75.6
75.55
74.375
76.05
75.175
2Q
7068.8
71.4
70.05
72.8
70.775
70.35
70.175
69.925
70.5
69.75
70.75
71.65
71.35
72.725
71.1
71.225
71.075
70.95
71.175
71.6
71.4
69.825
70.95
70.425
70.425
70.6
69.975
71.2
72.4
72.725
72.15
72.625
71.25
70.525
70.225
70.075
69.8
70.6
69.85
71.85
71.625
69.875
70.175
72.275
70.675
72.075
71
70.725
72.975
72.6
69.55
70.3
69.7
70.85
70.9
70.5
71.475
71.075
69.9
72.05
69.525
71.175
70.15
70.7
72.15
72.075
71.525
71.15
71.6
71.225
72.275
71.925
71.4
70.6
71.025
70.7
S3-FIFO
7216.62
73.275
72.2
74.7
72.475
71.825
72.575
71.75
72.4
71.95
72.35
73.675
73.4
73.9
72.55
73.075
72.35
73.075
72.7
73.425
72.525
71.15
72.775
72.35
72.275
72.75
71.575
73.15
74.075
74.15
73.25
73.825
73.425
72.2
71.925
71.9
72.2
72.225
71.55
73.1
73.525
71.875
72.45
73.8
72.55
74.425
72.55
72.275
75.1
74.1
72.125
72.325
71.9
73.2
73.075
71.9
73.175
72.725
71.675
73.45
71.875
72.775
72.225
72.525
74.15
73.3
73.175
72.875
73.775
72.575
73.775
72.875
73.475
72.275
73.475
72.175
LIRS:2000
7096.48
71.75
70.925
73.25
71.3
70.475
70.35
70.05
70.95
70.475
71.05
71.35
71.55
72.9
70.975
70.975
70.75
71.175
70.95
71.675
71.15
70.075
70.1
70.6
70.5
70.65
69.925
71.85
72.175
72.95
72.425
72.55
71.475
71.1
70.675
70.55
70.55
70.975
70.575
71.825
71.825
70.05
70.2
72.225
70.725
72.425
70.975
70.6
73.65
72.65
70.2
70.575
70.025
71.2
70.975
70.775
71.85
71.25
69.825
71.85
69.7
71.675
70.725
70.925
72.275
71.875
71.275
71.05
71.725
71.575
72.45
71.875
71.8
70.275
71.15
70.275
MMCLOCK
Clock Sweep
6795.27
68.8
67.625
69.85
68.3
67.475
67.075
67.675
67.275
67.65
67.875
69.375
68.375
68.9
68.65
67.7
68.225
68
67.475
69.2
68.325
67.525
67.925
68.025
67.425
68.45
67.05
68.325
69.4
70
69.425
70.225
68.75
67.525
68.125
67
66.625
68.225
67.275
69.225
68.85
66.775
67.1
68.825
68.15
69.85
67.7
67.525
70.325
70.425
67.5
67.875
67.4
68.3
67.675
68.1
68.15
68.275
67.775
68.875
67.075
68.075
67.6
67.875
69.65
68.375
69.175
68.075
68.1
68.45
69.325
68.225
68.65
67.5
68.9
68.375
ARC:2000
7079.1
71.475
70.7
73.075
71.025
70.025
70.275
69.65
70.825
70.325
71.3
71.4
71.35
73.125
71.175
70.75
70.575
71.125
70.725
71.7
70.95
69.925
69.95
70.75
70.4
70.75
69.6
71.775
71.8
72.75
72.075
72.525
71.175
70.775
70.575
70.525
70.15
70.8
70.25
71.775
71.8
70.025
70.275
72
70.675
72.4
71
70.225
73.3
72.4
70.15
70.275
69.625
70.925
70.875
70.475
71.725
71.05
69.975
71.6
69.35
71.425
70.675
70.7
72.125
71.75
71.425
70.875
71.55
71.45
72.025
71.5
71.5
70.05
70.9
70.325
EACLOCK
4768.48
44.425
46.875
45.975
45.55
45.35
46.225
46.375
49.675
47.25
46.55
48.975
44.75
45.2
48.95
49.65
47.2
44.875
45.85
45.525
45.15
48.475
52
49.95
54.6
47.75
48.475
45.85
44.45
44.95
44.875
45.675
45.9
45.325
46.525
47.45
46.675
46.275
46.9
45.1
44.65
48.825
46.7
44.45
44.65
45.275
45.45
46.125
44.85
44.85
44.45
46.1
44.925
45.225
44.175
48.075
45.2
45.125
45.425
49.875
46.325
46.6
44.65
44.725
45.3
45.825
46.8
45.75
45.35
44.8
49.45
45.45
45.175
46.1
45.875
46
EACLOCK-FDW
EACLOCK-FWA
4741.68
40.625
41.825
41.55
41.275
40.525
40.8
40.95
44.6
41.15
41.525
44.2
39.6
39.8
43.45
43.6
41.175
39.55
45.75
39.6
38.975
40.4
46.825
41.075
46.9
40.275
42.825
41.025
38.875
38.975
39.3
40.175
39.05
39.2
38.625
40
39.85
37.75
45.65
38.6
37.825
39.85
38.925
40.2
38.1
38.125
39.5
38.625
38.625
38.775
38.5
40.8
37.725
38.85
37.575
43
40.2
38.475
38.925
43.825
39.7
39.425
38.475
38.575
37.3
38.55
40.225
37.85
38.65
38.1
43.625
39.525
38.275
48.125
38.55
38.725
2Q
5100.32
50.35
51.425
51.175
51.6
52.225
52.8
52.55
54.275
53.325
53.2
51.975
38.65
41.075
45.075
45.575
46.85
46.775
54.075
48.725
48.75
50.35
52.5
51.275
54.075
51.2
58.65
48.225
46.575
48.075
48.425
49.5
50
49.925
49.975
52.125
51.05
51.6
57.775
50.575
51.5
51.7
52.875
51.65
52.125
52.3
53.1
52.725
52.175
52.4
53.075
54.25
53.075
53.6
52.275
52.5
53.65
53.775
52.95
53.9
53.6
53.325
53.875
53.25
52
53.85
53.725
53.875
53.525
53.525
53.825
53.15
54.05
61.725
54.075
53.55
S3-FIFO
5215.38
51.4
52.7
52.425
52.6
53.25
54
54.6
55.875
55.15
54.3
51.425
47.025
48.375
51
51.6
51.875
51.525
56.625
52.375
52.725
50.325
46.625
56.9
52.375
49.3
51.075
48.075
47.35
49.125
49.45
51.9
52.475
53.375
52.85
54.8
53.9
54.35
58.125
51.2
51.825
52.925
53.125
52.125
52.35
53.275
54
54.25
52.6
53.225
53.625
54.8
54.825
54.75
52.625
53.1
55.325
55.575
54.25
54
53.375
53.35
53.575
53.225
52.25
54.025
54.375
54.225
54.1
53.65
55.025
53.725
54
57.225
52.975
52.675
LIRS:2000
4967.48
49.05
49.85
50.575
52.275
48.75
52.225
51.375
51.725
52.6
50.525
50.45
38.275
43.2
48.375
49.475
53.225
51.125
52.025
51.15
47.4
50.075
40.3
47.425
48.8
42.975
49.35
43.2
44.825
48.35
48.375
56.65
54
51.8
56.5
49.075
54.95
55.175
49.2
48.7
47.2
53.025
46.625
45.175
48.5
48.3
53.15
50.9
50.55
51.425
49.025
57.9
52.275
49.4
50.175
49.675
53.2
50.725
51.75
52.55
50.225
53.85
51.1
50.975
51.15
49.925
53.45
51.775
51.15
51.975
50.2
53.025
50.775
51.375
49.55
45.775
MMCLOCK
Clock Sweep
3984.95
38.4
38.575
39.05
38.525
37.6
38.825
38.25
40.975
38.45
39.25
42.875
37.75
39.125
39.25
38.85
39.9
37.4
45.45
38.95
37.175
42.6
40.375
39.45
40.5
38.725
64.25
39.65
38.85
37.375
38.4
39.45
37.775
39.2
36.9
38.825
39.675
37.25
45.1
38.025
37.975
39.8
38.65
39.725
37.45
37.95
40.1
38
38.8
37.8
37.875
40.875
37.25
39.225
37.45
39.45
39.825
37.925
39.225
38.525
38.55
39.825
38.675
39.2
36.65
38.1
39.875
37.6
39.225
38.2
39.075
39.825
38.3
48.45
38.825
38.375
ARC:2000
5260.8
48.8
50.45
50.6
51.6
49.875
52.75
52.05
52.1
53.25
51.875
49.525
39.1
44.325
45.475
46.225
50.725
50.55
51.65
51.125
48.725
48.725
40.15
42.6
50
47.725
48.1
42.225
44.575
46.15
47.35
54.575
55.975
53.95
53.575
49.2
53.275
51.925
48.325
46.625
46.425
54.4
53.5
50.2
50.15
49.6
52.4
52.35
50.275
52
51.175
57.575
55.375
51.15
49.225
49.425
52.725
53.4
52.975
52.525
51
53.275
52.45
51.925
50.975
50.625
53.2
52.875
51.675
52.075
50.875
52.225
51.95
51.9
49.875
47.1
EACLOCK
6159.2
57.475
57.125
57.45
56.875
57.775
57.5
56.325
56.725
57.725
55.925
56.95
55.65
56.075
56.825
55.325
54.3
57
56.425
56.625
56.825
56.95
55.6
56.7
55.75
57.25
57.325
56.825
56.075
57.625
55.575
56.075
56.475
56.75
55.6
56.3
56.3
54.425
56.325
55.275
55.05
56.9
54.825
55.25
55.4
54.625
55.125
54.975
55.075
54.775
55.8
55.625
56
56.025
56.2
54.7
55.975
56.475
56.05
55.925
55.7
56.1
56.275
55.625
55
56.15
55.3
54.825
55.85
54.95
55.1
55.1
55
54.525
55.025
55.05
EACLOCK-FDW
EACLOCK-FWA
6011.2
55.925
54.65
55.025
54.275
55.275
54.9
53.675
54.825
56.075
53.85
54.9
53.825
54.1
54.825
53.45
52.4
54.95
54.375
54.175
54.8
55.175
53.875
54.9
54.6
55.775
55.925
55.35
54.15
55.975
53.95
55.15
55.025
55.3
54.3
54.8
54.525
52.025
54.725
53.425
52.75
55.125
53.175
53.4
53.525
53.175
53.375
53.85
53.275
52.875
53.875
53.8
53.775
53.85
54.4
53
54.3
54.75
54.125
54.775
54.375
55.25
55.45
54.825
54.125
55.25
54.45
53.875
54.775
54
54.725
54.2
54.35
54.175
53.7
53.975
2Q
7108.38
71.175
69.7
73
71
69.325
73.85
71.35
69.825
73.4
70.975
69.725
72.125
71.25
68.975
71.125
70.65
70.2
72.75
71.9
69.55
73.775
70.1
68.925
72.075
71.325
70.3
73.1
70.475
69.625
72.275
70.975
69.725
72.9
71.8
68.875
74
70.35
69.575
71.875
70.35
70.625
72.625
72.025
70.025
73.075
71.725
69.55
73.25
71
69.725
72.425
71.325
69.15
73.55
70.725
69.425
73.55
71.6
69
72.75
71
69.775
72.575
71.425
70.225
73.15
70.75
69.45
72.55
69.9
69.025
72.6
71.025
68.8
73.7
S3-FIFO
7238.9
72.75
72.125
74.45
72.15
72.3
74.225
72.8
72.025
74.475
72.675
71.825
73.2
72.475
71.85
72.725
72.125
71.95
73.5
73.55
71.85
74.85
71.675
71.425
73.9
72.5
71.95
73.8
71.275
71.8
73.675
72.175
71.975
73.65
72.75
71.125
74.7
71.1
71.475
73.575
72.25
72.75
73.85
73.025
71.975
74.375
72.6
71.125
73.075
72.75
71.875
74
72.25
71.325
74.425
72.475
71.75
75.175
73.55
71.4
73.525
72.2
72.625
73.65
72.55
72.05
73.95
72.875
71.975
73.1
72.375
71.175
72.925
71.675
71.325
74
LIRS:2000
7738.8
78
78.3
78.1
77.325
77.925
78.8
77.25
77.875
78.425
77.35
77.775
78.075
77.425
77.325
77.45
76.375
77.65
78.125
77.825
77.875
78.775
76.375
77.1
77.55
76.75
77.95
78.4
76.675
77.85
77.9
77.1
77.85
78.075
77.375
77.175
78.75
76.1
77.525
77.9
76.975
78.8
78.475
77.825
77.525
78.175
77.9
77.35
77.725
77.45
77.45
78.175
77.15
77.3
78.625
77.775
77.725
78.6
77.95
77.7
78.4
77.525
77.825
77.525
77.425
79.025
78.05
77.5
77.6
77.375
77
77.625
77.2
77.275
77.175
78.775
MMCLOCK
Clock Sweep
6242.68
62.725
59.3
62.675
61.65
58.925
62.575
62.55
59
63.475
61.575
59.4
61.775
61.55
59.425
60.925
61.95
59.05
62.55
62.5
58.3
63.025
61.475
58.8
62.025
62.25
58.6
62.35
61.45
59.3
61.4
61.65
58.6
63
61.75
58.25
62.775
60.05
59.1
61.2
62.325
58.95
61.525
62.525
58.7
61.825
61.8
58.425
61.825
61.35
59.025
61.975
62.15
59
63.525
61.6
59.075
63.25
61.65
59.375
62.475
62.1
59.9
61.75
62.25
59.475
62.9
61.275
59.5
61.325
61.35
57.775
61.675
61.125
58.225
61.9
ARC:2000
8095.35
79.475
79.95
78.825
78.75
79.6
79.5
78.75
79.125
79.275
78.725
78.875
78.775
78.5
79.025
78.075
77.2
78.725
78.925
79.275
79.05
79.5
77.525
78.45
78.3
78.475
79
79.075
77.7
79.5
78.85
78.2
79.375
78.55
78.775
78.4
79.175
77.75
79.025
78.775
78.3
79.9
79.15
79.025
79.025
78.925
79.225
78.925
78.375
78.625
79.15
79.15
78.7
78.825
79.55
78.675
79.225
79.4
79.1
79.2
79.15
78.775
79.1
78.3
78.625
80.275
79.075
78.7
79.15
78.05
78.075
79.025
78.025
78.725
78.525
79.4
